0 -284.666667
1 -281.666667
2 -278.000000
3 -275.666667
4 -270.333333
5 -266.000000
6 -265.000000
7 -263.000000
8 -260.000000
9 -258.666667
10 -256.333333
11 -253.666667
12 -248.333333
13 -248.333333
14 -246.000000
15 -246.000000
16 -245.666667
17 -245.000000
18 -244.666667
19 -244.666667
20 -244.666667
21 -244.333333
22 -244.000000
23 -243.000000
24 -243.000000
25 -242.666667
26 -241.666667
27 -241.666667
28 -241.666667
29 -241.666667
30 -241.333333
31 -241.333333
32 -241.333333
33 -241.000000
34 -240.000000
35 -240.000000
36 -240.000000
37 -240.000000
38 -240.000000
39 -240.000000
40 -240.000000
41 -240.000000
42 -239.000000
43 -238.666667
44 -238.666667
45 -238.666667
46 -238.666667
47 -238.333333
48 -238.333333
49 -238.333333
50 -238.333333
51 -238.333333
52 -237.333333
53 -237.333333
54 -237.000000
55 -237.000000
56 -237.000000
57 -237.000000
58 -237.000000
59 -237.000000
60 -237.000000
61 -237.000000
62 -237.000000
63 -237.000000
64 -237.000000
65 -237.000000
66 -237.000000
67 -237.000000
68 -237.000000
69 -236.666667
70 -236.333333
71 -236.333333
72 -236.333333
73 -236.333333
74 -236.333333
75 -236.333333
76 -236.333333
77 -236.000000
78 -236.000000
79 -236.000000
80 -236.000000
81 -236.000000
82 -236.000000
83 -236.000000
84 -236.000000
85 -236.000000
86 -236.000000
87 -236.000000
88 -236.000000
89 -236.000000
90 -236.000000
91 -236.000000
92 -236.000000
93 -236.000000
94 -236.000000
95 -236.000000
96 -236.000000
97 -236.000000
98 -236.000000
99 -236.000000
100 -236.000000
101 -236.000000
102 -236.000000
103 -236.000000
104 -236.000000
105 -236.000000
106 -236.000000
107 -236.000000
108 -236.000000
109 -236.000000
110 -236.000000
111 -236.000000
112 -236.000000
113 -236.000000
114 -236.000000
115 -236.000000
116 -236.000000
117 -236.000000
118 -236.000000
119 -236.000000
120 -235.666667
121 -235.666667
122 -235.666667
123 -235.666667
124 -235.666667
125 -235.666667
126 -235.666667
127 -235.666667
128 -235.666667
129 -235.666667
130 -235.666667
131 -235.666667
132 -235.333333
133 -235.333333
134 -235.333333
135 -235.333333
136 -235.333333
137 -235.333333
138 -235.333333
139 -235.333333
140 -235.333333
141 -235.333333
142 -235.333333
143 -235.333333
144 -235.333333
145 -235.333333
146 -235.333333
147 -235.333333
148 -235.333333
149 -235.333333
150 -235.333333
151 -235.333333
152 -235.333333
153 -235.333333
154 -235.333333
155 -235.333333
156 -235.333333
157 -235.333333
158 -235.333333
159 -235.333333
160 -235.333333
161 -235.333333
162 -235.333333
163 -235.333333
164 -235.000000
165 -235.000000
166 -235.000000
167 -234.666667
168 -234.666667
169 -234.666667
170 -234.666667
171 -234.666667
172 -234.666667
173 -234.666667
174 -234.666667
175 -234.666667
176 -234.666667
177 -234.666667
178 -234.666667
179 -234.666667
180 -234.666667
181 -234.666667
182 -234.666667
183 -234.666667
184 -234.666667
185 -234.666667
186 -234.666667
187 -234.666667
188 -234.666667
189 -234.666667
190 -234.666667
191 -234.666667
192 -234.666667
193 -234.666667
194 -234.666667
195 -234.666667
196 -234.666667
197 -234.666667
198 -234.666667
199 -234.666667
