0 -155.716667
1 -147.833333
2 -142.883333
3 -131.700000
4 -129.166667
5 -117.483333
6 -101.150000
7 -98.316667
8 -89.566667
9 -85.950000
10 -74.866667
11 -74.716667
12 -62.483333
13 -61.716667
14 -54.116667
15 -45.650000
16 -45.650000
17 -45.316667
18 -45.316667
19 -42.916667
20 -42.916667
21 -36.816667
22 -36.816667
23 -33.316667
24 -33.316667
25 -33.083333
26 -33.083333
27 -33.083333
28 -33.083333
29 -33.083333
30 -33.083333
31 -33.083333
32 -33.083333
33 -31.916667
34 -31.583333
35 -31.583333
36 -31.583333
37 -31.583333
38 -31.583333
39 -31.466667
40 -31.466667
41 -31.466667
42 -31.466667
43 -31.466667
44 -31.466667
45 -31.350000
46 -31.350000
47 -31.350000
48 -27.350000
49 -27.350000
50 -27.350000
51 -27.350000
52 -27.350000
53 -27.350000
54 -27.350000
55 -27.283333
56 -27.283333
57 -27.283333
58 -27.283333
59 -22.783333
60 -22.783333
61 -22.783333
62 -22.633333
63 -22.633333
64 -22.633333
65 -22.516667
66 -22.516667
67 -22.516667
68 -22.516667
69 -22.516667
70 -22.516667
71 -22.516667
72 -22.516667
73 -22.500000
74 -22.266667
75 -22.266667
76 -22.150000
77 -22.150000
78 -22.150000
79 -22.150000
80 -22.150000
81 -22.150000
82 -19.466667
83 -19.466667
84 -19.466667
85 -19.466667
86 -19.466667
87 -19.466667
88 -19.466667
89 -19.466667
90 -19.366667
91 -19.366667
92 -19.366667
93 -19.066667
94 -19.066667
95 -19.066667
96 -19.066667
97 -19.066667
98 -19.066667
99 -18.466667
100 -18.466667
101 -18.466667
102 -18.466667
103 -18.466667
104 -18.466667
105 -18.316667
106 -15.466667
107 -15.466667
108 -15.466667
109 -15.466667
110 -15.466667
111 -15.466667
112 -14.900000
113 -12.966667
114 -12.966667
115 -12.966667
116 -12.966667
117 -12.966667
118 -12.966667
119 -12.966667
120 -12.966667
121 -12.966667
122 -12.966667
123 -12.966667
124 -12.966667
125 -12.966667
126 -12.966667
127 -12.966667
128 -12.966667
129 -12.966667
130 -12.966667
131 -12.966667
132 -12.966667
133 -12.966667
134 -12.966667
135 -12.966667
136 -12.966667
137 -12.966667
138 -12.966667
139 -12.966667
140 -12.966667
141 -12.966667
142 -12.966667
143 -12.966667
144 -12.966667
145 -12.966667
146 -12.966667
147 -12.966667
148 -12.966667
149 -12.966667
150 -12.966667
151 -12.966667
152 -12.966667
153 -12.966667
154 -12.966667
155 -12.966667
156 -12.966667
157 -12.966667
158 -12.966667
159 -12.966667
160 -12.966667
161 -12.966667
162 -12.966667
163 -12.966667
164 -12.966667
165 -12.966667
166 -12.966667
167 -12.966667
168 -12.966667
169 -12.966667
170 -12.966667
171 -12.966667
172 -12.966667
173 -12.966667
174 -12.966667
175 -12.966667
176 -12.966667
177 -12.966667
178 -12.966667
179 -12.966667
180 -12.966667
181 -12.966667
182 -12.966667
183 -12.966667
184 -12.966667
185 -12.966667
186 -12.966667
187 -12.966667
188 -12.966667
189 -12.966667
190 -12.966667
191 -12.966667
192 -12.966667
193 -12.966667
194 -12.966667
195 -12.966667
196 -12.966667
197 -12.966667
198 -12.966667
199 -12.966667
