0 -90.716667
1 -89.383333
2 -85.500000
3 -74.766667
4 -63.616667
5 -56.383333
6 -55.100000
7 -49.766667
8 -46.266667
9 -46.266667
10 -42.400000
11 -36.400000
12 -34.800000
13 -30.666667
14 -30.666667
15 -27.150000
16 -24.650000
17 -24.650000
18 -18.550000
19 -16.616667
20 -16.166667
21 -15.833333
22 -13.233333
23 -12.900000
24 -12.750000
25 -12.750000
26 -12.533333
27 -12.216667
28 -12.000000
29 -12.000000
30 -12.000000
31 -12.000000
32 -11.850000
33 -11.850000
34 -10.983333
35 -10.533333
36 -10.533333
37 -10.533333
38 -10.533333
39 -10.416667
40 -10.416667
41 -9.850000
42 -9.850000
43 -9.850000
44 -9.850000
45 -9.850000
46 -9.850000
47 -9.850000
48 -9.616667
49 -9.616667
50 -9.616667
51 -9.616667
52 -9.383333
53 -9.383333
54 -8.683333
55 -8.683333
56 -8.683333
57 -8.683333
58 -8.683333
59 -8.683333
60 -8.683333
61 -8.683333
62 -8.683333
63 -8.683333
64 -8.683333
65 -8.683333
66 -8.683333
67 -8.683333
68 -8.683333
69 -8.683333
70 -8.683333
71 -8.683333
72 -8.683333
73 -8.683333
74 -8.683333
75 -8.683333
76 -8.683333
77 -8.683333
78 -8.683333
79 -8.683333
80 -8.683333
81 -8.683333
82 -8.683333
83 -8.683333
84 -8.683333
85 -8.683333
86 -8.683333
87 -8.683333
88 -8.683333
89 -8.683333
90 -8.683333
91 -8.683333
92 -8.683333
93 -8.683333
94 -8.683333
95 -8.683333
96 -8.683333
97 -8.683333
98 -8.683333
99 -8.683333
100 -8.683333
101 -8.683333
102 -8.683333
103 -8.683333
104 -8.683333
105 -8.683333
106 -8.683333
107 -8.683333
108 -8.683333
109 -8.683333
110 -8.683333
111 -8.683333
112 -8.683333
113 -8.683333
114 -8.683333
115 -8.683333
116 -8.683333
117 -8.683333
118 -8.683333
119 -8.683333
120 -8.683333
121 -8.683333
122 -8.683333
123 -3.683333
124 -3.683333
125 -3.683333
126 -3.683333
127 -3.683333
128 -3.683333
129 -3.683333
130 -3.683333
131 -3.683333
132 -3.683333
133 -3.683333
134 -3.683333
135 -3.683333
136 -3.683333
137 -3.683333
138 -3.683333
139 -3.683333
140 -3.683333
141 -3.683333
142 -3.683333
143 -3.683333
144 -3.683333
145 -3.683333
146 -3.683333
147 -3.683333
148 -3.683333
149 -3.683333
150 -3.683333
151 -3.683333
152 -3.683333
153 -3.683333
154 -3.683333
155 -3.683333
156 -3.683333
157 -3.466667
158 -3.466667
159 -3.466667
160 -3.466667
161 -3.233333
162 -3.233333
163 -3.233333
164 -3.233333
165 -3.233333
166 -3.233333
167 -3.233333
168 -3.233333
169 -3.233333
170 -3.233333
171 -3.233333
172 -3.233333
173 -3.233333
174 -3.233333
175 -3.233333
176 -3.233333
177 -3.233333
178 -3.233333
179 -3.233333
180 -3.233333
181 -3.233333
182 -3.233333
183 -3.233333
184 -3.233333
185 -3.233333
186 -3.233333
187 -3.233333
188 -3.233333
189 -3.233333
190 -3.233333
191 -3.233333
192 -3.233333
193 -3.233333
194 -3.233333
195 -3.233333
196 -3.233333
197 -3.233333
198 -3.233333
199 -3.233333
