0 -112.000000
1 -111.000000
2 -110.666667
3 -110.000000
4 -110.000000
5 -101.150000
6 -101.150000
7 -100.100000
8 -99.233333
9 -88.450000
10 -86.500000
11 -86.500000
12 -86.500000
13 -86.500000
14 -86.500000
15 -86.500000
16 -86.500000
17 -86.500000
18 -86.500000
19 -81.000000
20 -81.000000
21 -81.000000
22 -81.000000
23 -80.500000
24 -80.200000
25 -80.200000
26 -73.533333
27 -73.533333
28 -73.533333
29 -73.533333
30 -73.533333
31 -72.533333
32 -72.533333
33 -68.333333
34 -68.333333
35 -68.333333
36 -68.333333
37 -68.333333
38 -67.666667
39 -67.666667
40 -67.666667
41 -67.666667
42 -67.666667
43 -67.666667
44 -67.666667
45 -67.666667
46 -67.666667
47 -67.666667
48 -67.666667
49 -67.666667
50 -67.666667
51 -67.666667
52 -67.666667
53 -67.666667
54 -67.666667
55 -67.666667
56 -67.666667
57 -67.666667
58 -67.666667
59 -67.666667
60 -67.666667
61 -67.666667
62 -67.666667
63 -67.666667
64 -67.666667
65 -67.666667
66 -67.666667
67 -67.666667
68 -67.666667
69 -67.666667
70 -67.666667
71 -67.666667
72 -67.666667
73 -67.666667
74 -67.666667
75 -67.666667
76 -67.666667
77 -67.666667
78 -67.666667
79 -67.666667
80 -67.666667
81 -67.666667
82 -67.666667
83 -67.666667
84 -67.666667
85 -67.666667
86 -67.666667
87 -67.666667
88 -67.666667
89 -67.666667
90 -67.666667
91 -67.666667
92 -67.666667
93 -67.666667
94 -67.666667
95 -67.666667
96 -67.666667
97 -67.666667
98 -67.666667
99 -67.666667
100 -67.666667
101 -67.666667
102 -67.666667
103 -67.666667
104 -67.666667
105 -67.666667
106 -67.666667
107 -67.666667
108 -67.666667
109 -67.666667
110 -67.666667
111 -67.666667
112 -67.666667
113 -67.666667
114 -67.666667
115 -67.666667
116 -67.666667
117 -67.666667
118 -67.666667
119 -67.666667
120 -67.666667
121 -67.666667
122 -67.666667
123 -67.666667
124 -67.666667
125 -67.666667
126 -67.666667
127 -67.666667
128 -67.666667
129 -67.666667
130 -67.666667
131 -67.000000
132 -67.000000
133 -67.000000
134 -67.000000
135 -67.000000
136 -67.000000
137 -67.000000
138 -67.000000
139 -67.000000
140 -67.000000
141 -67.000000
142 -67.000000
143 -67.000000
144 -67.000000
145 -67.000000
146 -67.000000
147 -67.000000
148 -67.000000
149 -67.000000
150 -67.000000
151 -67.000000
152 -67.000000
153 -67.000000
154 -67.000000
155 -67.000000
156 -67.000000
157 -67.000000
158 -67.000000
159 -67.000000
160 -67.000000
161 -67.000000
162 -67.000000
163 -67.000000
164 -67.000000
165 -67.000000
166 -67.000000
167 -67.000000
168 -67.000000
169 -67.000000
170 -67.000000
171 -67.000000
172 -67.000000
173 -67.000000
174 -67.000000
175 -67.000000
176 -67.000000
177 -67.000000
178 -67.000000
179 -67.000000
180 -67.000000
181 -67.000000
182 -67.000000
183 -67.000000
184 -67.000000
185 -67.000000
186 -67.000000
187 -67.000000
188 -67.000000
189 -67.000000
190 -67.000000
191 -67.000000
192 -67.000000
193 -67.000000
194 -67.000000
195 -67.000000
196 -67.000000
197 -67.000000
198 -67.000000
199 -67.000000
