0 -186.333333
1 -183.666667
2 -181.100000
3 -169.433333
4 -165.066667
5 -163.550000
6 -156.216667
7 -150.550000
8 -147.350000
9 -139.833333
10 -139.833333
11 -138.400000
12 -137.433333
13 -123.066667
14 -112.600000
15 -112.333333
16 -109.566667
17 -108.833333
18 -108.833333
19 -108.233333
20 -106.800000
21 -106.433333
22 -101.633333
23 -101.633333
24 -93.766667
25 -93.616667
26 -91.066667
27 -90.966667
28 -90.666667
29 -90.366667
30 -90.366667
31 -86.966667
32 -82.516667
33 -82.516667
34 -82.516667
35 -82.516667
36 -80.783333
37 -79.516667
38 -77.783333
39 -74.450000
40 -72.250000
41 -72.250000
42 -71.916667
43 -71.516667
44 -71.516667
45 -71.516667
46 -71.516667
47 -71.383333
48 -71.250000
49 -71.250000
50 -68.583333
51 -68.583333
52 -68.583333
53 -68.583333
54 -68.583333
55 -68.583333
56 -67.916667
57 -67.916667
58 -67.916667
59 -67.916667
60 -67.916667
61 -67.916667
62 -67.916667
63 -67.916667
64 -67.916667
65 -67.916667
66 -67.916667
67 -67.916667
68 -67.916667
69 -67.916667
70 -67.583333
71 -67.083333
72 -67.083333
73 -67.083333
74 -67.083333
75 -64.133333
76 -63.583333
77 -62.950000
78 -62.950000
79 -62.833333
80 -62.583333
81 -60.083333
82 -59.533333
83 -58.416667
84 -58.416667
85 -58.416667
86 -58.416667
87 -58.083333
88 -58.083333
89 -58.083333
90 -58.083333
91 -58.083333
92 -58.083333
93 -58.083333
94 -58.083333
95 -58.083333
96 -58.083333
97 -58.083333
98 -58.083333
99 -58.083333
100 -58.083333
101 -58.083333
102 -58.083333
103 -58.083333
104 -58.083333
105 -58.083333
106 -58.083333
107 -58.083333
108 -58.083333
109 -58.083333
110 -58.083333
111 -58.083333
112 -58.083333
113 -58.083333
114 -58.083333
115 -58.083333
116 -58.083333
117 -58.083333
118 -58.083333
119 -58.083333
120 -58.083333
121 -58.083333
122 -58.083333
123 -58.083333
124 -58.083333
125 -58.083333
126 -58.083333
127 -58.083333
128 -58.083333
129 -58.083333
130 -58.083333
131 -58.083333
132 -57.850000
133 -57.050000
134 -56.716667
135 -56.250000
136 -56.250000
137 -56.250000
138 -55.583333
139 -55.583333
140 -55.583333
141 -55.583333
142 -55.583333
143 -55.583333
144 -55.583333
145 -55.583333
146 -55.583333
147 -55.583333
148 -55.583333
149 -55.583333
150 -55.583333
151 -55.583333
152 -55.583333
153 -55.583333
154 -55.583333
155 -55.583333
156 -55.583333
157 -55.583333
158 -55.583333
159 -55.583333
160 -55.583333
161 -55.583333
162 -55.583333
163 -55.583333
164 -55.583333
165 -55.583333
166 -55.583333
167 -55.583333
168 -55.583333
169 -55.583333
170 -55.583333
171 -55.583333
172 -55.583333
173 -55.583333
174 -55.583333
175 -55.583333
176 -55.583333
177 -55.583333
178 -55.583333
179 -55.583333
180 -55.583333
181 -55.583333
182 -55.583333
183 -55.583333
184 -55.583333
185 -55.583333
186 -55.583333
187 -55.583333
188 -55.583333
189 -55.583333
190 -55.583333
191 -55.583333
192 -55.583333
193 -55.583333
194 -55.583333
195 -55.583333
196 -55.583333
197 -55.583333
198 -55.583333
199 -55.583333
