0 -126.866667
1 -126.716667
2 -114.016667
3 -108.066667
4 -107.700000
5 -83.366667
6 -74.783333
7 -74.783333
8 -64.750000
9 -58.900000
10 -52.816667
11 -52.166667
12 -46.850000
13 -44.383333
14 -44.016667
15 -41.933333
16 -39.916667
17 -39.566667
18 -38.333333
19 -36.083333
20 -31.183333
21 -31.000000
22 -29.433333
23 -28.916667
24 -28.916667
25 -28.233333
26 -26.933333
27 -26.433333
28 -26.433333
29 -24.116667
30 -23.783333
31 -22.783333
32 -22.333333
33 -22.333333
34 -22.333333
35 -22.333333
36 -21.300000
37 -21.300000
38 -21.200000
39 -21.200000
40 -16.850000
41 -16.400000
42 -16.400000
43 -15.800000
44 -15.800000
45 -15.800000
46 -15.500000
47 -15.500000
48 -15.500000
49 -14.600000
50 -13.883333
51 -13.400000
52 -12.800000
53 -12.200000
54 -12.200000
55 -11.600000
56 -11.600000
57 -11.600000
58 -11.000000
59 -9.650000
60 -9.650000
61 -9.650000
62 -9.650000
63 -9.650000
64 -9.650000
65 -6.416667
66 -4.766667
67 3.316667
68 3.616667
69 4.400000
70 4.400000
71 4.733333
72 4.733333
73 4.733333
74 4.733333
75 4.733333
76 8.933333
77 8.933333
78 8.933333
79 8.933333
80 8.933333
81 8.933333
82 8.933333
83 8.933333
84 8.933333
85 8.933333
86 8.933333
87 8.933333
88 8.933333
89 8.933333
90 8.933333
91 8.933333
92 8.933333
93 8.933333
94 8.933333
95 8.933333
96 8.933333
97 8.933333
98 8.933333
99 8.933333
100 8.933333
101 8.933333
102 8.933333
103 8.933333
104 8.933333
105 8.933333
106 8.933333
107 8.933333
108 8.933333
109 8.933333
110 8.933333
111 8.933333
112 8.933333
113 8.933333
114 8.933333
115 9.716667
116 9.716667
117 9.916667
118 9.916667
119 9.916667
120 10.100000
121 10.100000
122 10.100000
123 10.433333
124 10.433333
125 11.083333
126 11.083333
127 11.416667
128 11.416667
129 11.416667
130 15.916667
131 15.916667
132 15.916667
133 15.916667
134 15.916667
135 15.916667
136 15.916667
137 15.916667
138 15.916667
139 15.916667
140 15.916667
141 15.916667
142 15.916667
143 15.916667
144 15.916667
145 15.916667
146 15.916667
147 15.916667
148 15.916667
149 15.916667
150 15.916667
151 15.916667
152 16.116667
153 16.116667
154 16.116667
155 16.116667
156 16.116667
157 16.116667
158 16.116667
159 16.116667
160 16.116667
161 16.116667
162 16.116667
163 16.116667
164 16.116667
165 16.116667
166 16.116667
167 16.116667
168 16.116667
169 16.116667
170 16.116667
171 16.116667
172 16.116667
173 16.116667
174 16.116667
175 16.116667
176 16.116667
177 16.116667
178 16.116667
179 16.116667
180 16.116667
181 16.116667
182 16.116667
183 16.116667
184 16.116667
185 16.116667
186 16.116667
187 16.116667
188 16.116667
189 16.116667
190 16.116667
191 16.116667
192 16.116667
193 16.116667
194 16.116667
195 16.116667
196 16.116667
197 16.116667
198 16.116667
199 16.116667
