0 -119.333333
1 -66.466667
2 -56.600000
3 -8.216667
4 6.283333
5 9.450000
6 10.783333
7 10.783333
8 10.783333
9 13.783333
10 16.833333
11 23.333333
12 32.383333
13 36.883333
14 40.883333
15 40.883333
16 44.883333
17 44.883333
18 44.883333
19 46.383333
20 46.383333
21 46.383333
22 46.883333
23 47.383333
24 47.383333
25 47.383333
26 47.383333
27 47.383333
28 51.883333
29 51.883333
30 51.883333
31 55.383333
32 55.383333
33 55.883333
34 55.883333
35 55.883333
36 55.883333
37 55.883333
38 55.883333
39 55.883333
40 55.883333
41 55.883333
42 55.883333
43 55.883333
44 55.883333
45 55.883333
46 55.883333
47 55.883333
48 55.883333
49 55.883333
50 55.883333
51 60.216667
52 60.216667
53 60.216667
54 60.216667
55 60.216667
56 60.216667
57 60.216667
58 60.216667
59 60.216667
60 60.216667
61 60.216667
62 60.400000
63 60.400000
64 60.400000
65 60.400000
66 63.716667
67 63.716667
68 63.716667
69 63.716667
70 63.716667
71 63.716667
72 63.716667
73 64.666667
74 64.666667
75 64.666667
76 64.666667
77 64.666667
78 64.666667
79 64.666667
80 64.666667
81 64.666667
82 64.666667
83 64.666667
84 64.666667
85 64.666667
86 64.666667
87 64.666667
88 64.666667
89 64.666667
90 64.666667
91 64.666667
92 64.666667
93 64.666667
94 64.666667
95 64.666667
96 64.666667
97 64.666667
98 64.666667
99 64.666667
100 64.666667
101 64.666667
102 64.666667
103 64.666667
104 64.666667
105 64.666667
106 64.666667
107 64.666667
108 64.666667
109 64.666667
110 64.666667
111 64.666667
112 64.666667
113 64.666667
114 67.616667
115 67.616667
116 67.616667
117 67.616667
118 67.616667
119 67.616667
120 67.616667
121 71.850000
122 72.583333
123 72.583333
124 72.583333
125 72.583333
126 72.583333
127 72.583333
128 72.583333
129 72.583333
130 72.583333
131 72.583333
132 72.583333
133 72.583333
134 73.416667
135 73.416667
136 73.416667
137 73.416667
138 73.416667
139 73.416667
140 73.416667
141 73.416667
142 73.416667
143 73.416667
144 73.416667
145 73.416667
146 73.416667
147 73.416667
148 76.250000
149 76.250000
150 76.250000
151 76.250000
152 76.250000
153 76.250000
154 76.250000
155 76.250000
156 76.250000
157 76.250000
158 78.916667
159 78.916667
160 78.916667
161 78.916667
162 78.916667
163 78.916667
164 78.916667
165 78.916667
166 81.916667
167 81.916667
168 81.916667
169 81.916667
170 81.916667
171 81.916667
172 81.916667
173 81.916667
174 81.916667
175 81.916667
176 81.916667
177 81.916667
178 81.916667
179 81.916667
180 82.683333
181 82.683333
182 82.683333
183 82.683333
184 82.683333
185 82.683333
186 82.683333
187 82.683333
188 82.683333
189 82.683333
190 82.683333
191 82.683333
192 82.683333
193 82.683333
194 82.683333
195 82.683333
196 82.683333
197 82.683333
198 82.683333
199 82.683333
