0 0.000000
1 46.000000
2 46.000000
3 55.000000
4 55.000000
5 83.000000
6 90.000000
7 115.000000
8 115.000000
9 115.000000
10 115.000000
11 115.000000
12 115.000000
13 115.000000
14 116.000000
15 118.000000
16 118.000000
17 118.000000
18 118.000000
19 118.000000
20 118.000000
21 118.000000
22 118.000000
23 118.000000
24 118.000000
25 118.000000
26 118.000000
27 118.000000
28 122.000000
29 122.000000
30 122.000000
31 122.000000
32 122.000000
33 122.000000
34 122.000000
35 122.000000
36 122.000000
37 122.000000
38 122.000000
39 122.000000
40 122.000000
41 122.000000
42 122.000000
43 122.000000
44 122.000000
45 122.000000
46 122.000000
47 122.000000
48 122.000000
49 122.000000
50 122.000000
51 122.000000
52 122.000000
53 122.000000
54 122.000000
55 122.000000
56 122.000000
57 122.000000
58 122.000000
59 122.000000
60 122.000000
61 122.000000
62 122.000000
63 122.000000
64 122.000000
65 122.000000
66 122.000000
67 122.000000
68 122.000000
69 122.000000
70 122.000000
71 122.000000
72 122.000000
73 122.000000
74 122.000000
75 122.000000
76 122.000000
77 122.000000
78 122.000000
79 122.000000
80 122.000000
81 122.000000
82 122.000000
83 122.000000
84 122.000000
85 122.000000
86 122.000000
87 122.000000
88 122.000000
89 122.000000
90 122.000000
91 122.000000
92 122.000000
93 122.000000
94 122.000000
95 122.000000
96 122.000000
97 122.000000
98 122.000000
99 122.000000
100 122.000000
101 122.000000
102 122.000000
103 122.000000
104 122.000000
105 122.000000
106 122.000000
107 122.000000
108 122.000000
109 122.000000
110 122.000000
111 122.000000
112 122.000000
113 122.000000
114 122.000000
115 122.000000
116 122.000000
117 122.000000
118 122.000000
119 122.000000
120 122.000000
121 122.000000
122 122.000000
123 122.000000
124 122.000000
125 122.000000
126 122.000000
127 122.000000
128 122.000000
129 122.000000
130 122.000000
131 122.000000
132 122.000000
133 122.000000
134 122.000000
135 122.000000
136 122.000000
137 122.000000
138 122.000000
139 122.000000
140 122.000000
141 122.000000
142 122.000000
143 122.000000
144 122.000000
145 122.000000
146 122.000000
147 122.000000
148 122.000000
149 122.000000
150 122.000000
151 122.000000
152 122.000000
153 122.000000
154 122.000000
155 122.000000
156 122.000000
157 122.000000
158 122.000000
159 122.000000
160 122.000000
161 122.000000
162 122.000000
163 122.000000
164 122.000000
165 122.000000
166 122.000000
167 122.000000
168 122.000000
169 122.000000
170 122.000000
171 122.000000
172 122.000000
173 122.000000
174 122.000000
175 122.000000
176 122.000000
177 122.000000
178 122.000000
179 122.000000
180 122.000000
181 122.000000
182 122.000000
183 122.000000
184 122.000000
185 122.000000
186 122.000000
187 122.000000
188 122.000000
189 122.000000
190 122.000000
191 122.000000
192 122.000000
193 122.000000
194 122.000000
195 122.000000
196 122.000000
197 122.000000
198 122.000000
199 122.000000
200 122.000000
201 122.000000
202 122.000000
203 122.000000
204 122.000000
205 122.000000
206 122.000000
207 122.000000
208 122.000000
209 122.000000
210 122.000000
211 122.000000
212 122.000000
213 122.000000
214 122.000000
215 122.000000
216 122.000000
217 122.000000
218 122.000000
219 122.000000
220 122.000000
221 122.000000
222 122.000000
223 122.000000
224 122.000000
225 122.000000
226 122.000000
227 122.000000
228 122.000000
229 122.000000
230 122.000000
231 122.000000
232 122.000000
233 122.000000
234 122.000000
235 122.000000
236 122.000000
237 122.000000
238 122.000000
239 122.000000
240 122.000000
241 122.000000
242 122.000000
243 122.000000
244 122.000000
245 122.000000
246 122.000000
247 122.000000
248 122.000000
249 122.000000
250 122.000000
251 122.000000
252 122.000000
253 122.000000
254 122.000000
255 122.000000
256 122.000000
257 122.000000
258 122.000000
259 122.000000
260 122.000000
261 122.000000
262 122.000000
263 122.000000
264 122.000000
265 122.000000
266 122.000000
267 122.000000
268 122.000000
269 122.000000
270 122.000000
271 122.000000
272 122.000000
273 122.000000
274 122.000000
275 122.000000
276 122.000000
277 122.000000
278 122.000000
279 122.000000
280 122.000000
281 122.000000
282 122.000000
283 122.000000
284 122.000000
285 122.000000
286 122.000000
287 122.000000
288 122.000000
289 122.000000
290 122.000000
291 122.000000
292 122.000000
293 122.000000
294 122.000000
295 122.000000
296 122.000000
297 122.000000
298 122.000000
299 122.000000
300 122.000000
301 122.000000
302 122.000000
303 122.000000
304 122.000000
305 122.000000
306 122.000000
307 122.000000
308 122.000000
309 122.000000
310 122.000000
311 122.000000
312 122.000000
313 122.000000
314 122.000000
315 122.000000
316 122.000000
317 122.000000
318 122.000000
319 122.000000
320 122.000000
321 122.000000
322 122.000000
323 122.000000
324 122.000000
325 122.000000
326 122.000000
327 122.000000
328 122.000000
329 122.000000
330 122.000000
331 122.000000
332 122.000000
333 122.000000
334 122.000000
335 122.000000
336 122.000000
337 122.000000
338 122.000000
339 122.000000
340 122.000000
341 122.000000
342 122.000000
343 122.000000
344 122.000000
345 122.000000
346 122.000000
347 122.000000
348 122.000000
349 122.000000
350 122.000000
351 122.000000
352 122.000000
353 122.000000
354 122.000000
355 122.000000
356 122.000000
357 122.000000
358 122.000000
359 122.000000
360 122.000000
361 122.000000
362 122.000000
363 122.000000
364 122.000000
365 122.000000
366 122.000000
367 122.000000
368 122.000000
369 122.000000
370 122.000000
371 122.000000
372 122.000000
373 122.000000
374 122.000000
375 122.000000
376 122.000000
377 122.000000
378 122.000000
379 122.000000
380 122.000000
381 122.000000
382 122.000000
383 122.000000
384 122.000000
385 122.000000
386 122.000000
387 122.000000
388 122.000000
389 122.000000
390 122.000000
391 122.000000
392 122.000000
393 122.000000
394 122.000000
395 122.000000
396 122.000000
397 122.000000
398 122.000000
399 122.000000
400 122.000000
401 122.000000
402 122.000000
403 122.000000
404 122.000000
405 122.000000
406 122.000000
407 122.000000
408 122.000000
409 122.000000
410 122.000000
411 122.000000
412 122.000000
413 122.000000
414 122.000000
415 122.000000
416 122.000000
417 122.000000
418 122.000000
419 122.000000
420 122.000000
421 122.000000
422 122.000000
423 122.000000
424 122.000000
425 122.000000
426 122.000000
427 122.000000
428 122.000000
429 122.000000
430 122.000000
431 122.000000
432 122.000000
433 122.000000
434 122.000000
435 122.000000
436 122.000000
437 122.000000
438 122.000000
439 122.000000
440 122.000000
441 122.000000
442 122.000000
443 122.000000
444 122.000000
445 122.000000
446 122.000000
447 122.000000
448 122.000000
449 122.000000
450 122.000000
451 122.000000
452 122.000000
453 122.000000
454 122.000000
455 122.000000
456 122.000000
457 122.000000
458 122.000000
459 122.000000
460 122.000000
461 122.000000
462 122.000000
463 122.000000
464 122.000000
465 122.000000
466 122.000000
467 122.000000
468 122.000000
469 122.000000
470 122.000000
471 122.000000
472 122.000000
473 122.000000
474 122.000000
475 122.000000
476 122.000000
477 122.000000
478 122.000000
479 122.000000
480 122.000000
481 122.000000
482 122.000000
483 122.000000
484 122.000000
485 122.000000
486 122.000000
487 122.000000
488 122.000000
489 122.000000
490 122.000000
491 122.000000
492 122.000000
493 122.000000
494 122.000000
495 122.000000
496 122.000000
497 122.000000
498 122.000000
499 122.000000
