0 45.000000
1 45.000000
2 63.000000
3 70.000000
4 70.000000
5 70.000000
6 70.000000
7 70.000000
8 70.000000
9 70.000000
10 70.000000
11 70.000000
12 70.000000
13 70.000000
14 70.000000
15 70.000000
16 70.000000
17 70.000000
18 70.000000
19 70.000000
20 70.000000
21 70.000000
22 70.000000
23 70.000000
24 70.000000
25 70.000000
26 70.000000
27 70.000000
28 70.000000
29 70.000000
30 70.000000
31 70.000000
32 70.000000
33 70.000000
34 70.000000
35 70.000000
36 70.000000
37 70.666667
38 77.666667
39 77.666667
40 80.000000
41 80.000000
42 80.000000
43 80.000000
44 80.000000
45 80.000000
46 80.000000
47 82.333333
48 84.666667
49 84.666667
50 89.333333
51 89.333333
52 89.333333
53 89.333333
54 89.333333
55 89.333333
56 89.333333
57 89.333333
58 89.333333
59 89.333333
60 89.333333
61 89.333333
62 89.333333
63 89.333333
64 89.333333
65 89.333333
66 89.333333
67 89.333333
68 89.333333
69 89.333333
70 89.333333
71 89.333333
72 89.333333
73 89.333333
74 89.333333
75 89.333333
76 89.333333
77 89.333333
78 89.333333
79 89.333333
80 89.333333
81 89.333333
82 89.333333
83 89.333333
84 90.000000
85 90.000000
86 90.000000
87 90.000000
88 90.000000
89 90.000000
90 90.000000
91 90.000000
92 101.500000
93 101.500000
94 101.500000
95 101.500000
96 101.500000
97 101.500000
98 101.500000
99 101.500000
