0 49.316667
1 54.683333
2 60.016667
3 61.533333
4 62.983333
5 65.300000
6 93.200000
7 94.133333
8 94.683333
9 94.683333
10 96.316667
11 96.316667
12 97.233333
13 97.566667
14 98.233333
15 98.483333
16 98.483333
17 102.233333
18 103.933333
19 104.233333
20 106.316667
21 110.066667
22 110.666667
23 111.900000
24 129.733333
25 130.816667
26 132.733333
27 132.733333
28 132.733333
29 132.733333
30 132.733333
31 145.733333
32 146.950000
33 147.100000
34 147.100000
35 147.100000
36 147.100000
37 147.100000
38 147.100000
39 149.300000
40 149.300000
41 149.300000
42 149.300000
43 149.300000
44 149.800000
45 149.800000
46 150.350000
47 150.916667
48 150.916667
49 162.483333
50 162.816667
51 163.400000
52 163.400000
53 163.400000
54 165.333333
55 165.333333
56 165.333333
57 165.333333
58 166.833333
59 166.833333
60 166.833333
61 166.833333
62 166.833333
63 166.833333
64 166.833333
65 166.833333
66 166.833333
67 166.833333
68 166.833333
69 166.833333
70 166.833333
71 166.833333
72 166.833333
73 166.833333
74 166.833333
75 166.833333
76 166.833333
77 166.833333
78 166.833333
79 166.833333
80 166.833333
81 166.833333
82 166.833333
83 166.833333
84 166.833333
85 166.833333
86 166.833333
87 166.833333
88 166.833333
89 166.833333
90 166.833333
91 166.833333
92 166.833333
93 166.833333
94 166.833333
95 166.833333
96 170.883333
97 173.383333
98 173.383333
99 173.383333
100 173.383333
101 178.233333
102 178.233333
103 178.233333
104 178.233333
105 178.233333
106 178.233333
107 178.233333
108 179.733333
109 179.733333
110 179.733333
111 179.733333
112 179.733333
113 179.733333
114 179.733333
115 179.733333
116 179.733333
117 179.733333
118 179.733333
119 206.733333
120 206.733333
121 206.733333
122 206.733333
123 222.233333
124 222.233333
125 222.233333
126 222.233333
127 222.233333
128 222.233333
129 222.233333
130 222.233333
131 222.233333
132 222.233333
133 224.900000
134 224.900000
135 224.900000
136 224.900000
137 249.733333
138 249.733333
139 249.733333
140 249.733333
141 249.733333
142 249.733333
143 249.733333
144 249.733333
145 249.733333
146 249.733333
147 249.733333
148 249.733333
149 249.733333
150 249.733333
151 249.733333
152 249.733333
153 249.733333
154 249.733333
155 249.733333
156 249.733333
157 249.733333
158 249.733333
159 249.733333
160 249.733333
161 249.733333
162 249.733333
163 249.733333
164 249.733333
165 249.733333
166 249.733333
167 249.733333
168 249.733333
169 249.733333
170 249.733333
171 249.733333
172 249.733333
173 249.733333
174 249.733333
175 249.733333
176 249.733333
177 249.733333
178 249.733333
179 249.733333
180 249.733333
181 249.733333
182 249.733333
183 249.733333
184 249.733333
185 249.733333
186 249.733333
187 249.733333
188 249.733333
189 249.733333
190 249.733333
191 249.733333
192 249.733333
193 249.733333
194 249.733333
195 249.733333
196 249.733333
197 249.733333
198 249.733333
199 249.733333
