
===don't use===
60(30) 30.000000 -73.333333 11.075000 14.140472 420.542967
120(30) 116.000000 -96.666667 50.438333 17.080889 32 22 9
180(30) 175.000000 -96.666667 89.440000 20.756619 1257.446800
240(30) 228.500000 -83.166667 130.511667 18.391450 6 0 0


===use===
60(30) 8.365000 -76.666667 8.365000 13.469528
120(30) 102.333333 -86.666667 47.313333 11.346556 50 21 0
180(30) 177.666667 -90.000000 92.398333 17.509338 1181.320333
240(30) 236.833333 -85.333333 125.128333 16.145860 1294.556567

z検定
m180U - m180 = 2.958333
sqrt(s180U/n + s180/n=1.2755319) = 1.1293944838
Z180 = 2.6193947663

棄却域（優位水準0.05）
1.96
棄却域（優位水準0.01）
2.58