0 43.883333
1 51.850000
2 56.166667
3 56.733333
4 58.800000
5 58.800000
6 71.633333
7 78.983333
8 83.050000
9 92.666667
10 98.233333
11 99.183333
12 99.900000
13 100.350000
14 102.416667
15 110.000000
16 110.000000
17 110.000000
18 110.500000
19 111.033333
20 111.333333
21 111.333333
22 111.466667
23 116.800000
24 117.800000
25 117.800000
26 123.750000
27 123.750000
28 123.900000
29 124.800000
30 128.400000
31 128.400000
32 136.050000
33 136.050000
34 136.050000
35 136.050000
36 136.050000
37 136.050000
38 136.050000
39 137.750000
40 137.750000
41 137.750000
42 137.750000
43 137.750000
44 137.750000
45 145.550000
46 145.550000
47 145.550000
48 145.550000
49 146.050000
50 146.050000
51 146.050000
52 146.050000
53 150.400000
54 150.550000
55 155.600000
56 155.600000
57 155.600000
58 155.600000
59 155.600000
60 155.600000
61 155.600000
62 155.600000
63 155.600000
64 157.100000
65 157.100000
66 157.100000
67 162.616667
68 162.616667
69 162.766667
70 162.766667
71 163.100000
72 163.100000
73 163.266667
74 163.266667
75 163.266667
76 163.266667
77 163.266667
78 163.266667
79 163.266667
80 163.266667
81 163.266667
82 163.266667
83 163.266667
84 163.266667
85 163.266667
86 163.266667
87 163.266667
88 163.266667
89 163.266667
90 163.266667
91 163.266667
92 163.266667
93 163.266667
94 163.266667
95 163.266667
96 163.266667
97 163.266667
98 163.266667
99 163.266667
100 163.266667
101 163.266667
102 163.266667
103 163.266667
104 163.266667
105 163.266667
106 163.266667
107 163.266667
108 163.266667
109 163.266667
110 163.266667
111 163.266667
112 163.266667
113 163.266667
114 163.266667
115 163.266667
116 163.266667
117 163.266667
118 163.266667
119 163.266667
120 163.266667
121 163.266667
122 163.266667
123 163.266667
124 163.266667
125 163.266667
126 163.266667
127 163.266667
128 163.266667
129 163.266667
130 163.266667
131 163.266667
132 163.266667
133 163.266667
134 163.266667
135 163.266667
136 163.266667
137 163.266667
138 163.266667
139 163.266667
140 163.266667
141 219.266667
142 219.266667
143 219.266667
144 219.266667
145 219.266667
146 219.600000
147 219.600000
148 219.600000
149 222.600000
150 222.600000
151 222.600000
152 222.600000
153 231.600000
154 231.600000
155 231.600000
156 231.600000
157 231.600000
158 231.600000
159 231.600000
160 231.600000
161 231.600000
162 231.600000
163 231.600000
164 231.600000
165 231.600000
166 231.600000
167 231.600000
168 231.600000
169 231.600000
170 231.600000
171 231.600000
172 231.600000
173 231.600000
174 231.600000
175 231.600000
176 231.600000
177 231.600000
178 231.600000
179 231.600000
180 231.600000
181 231.600000
182 231.600000
183 231.600000
184 231.600000
185 231.600000
186 231.600000
187 231.600000
188 231.600000
189 231.600000
190 231.600000
191 231.600000
192 231.600000
193 231.600000
194 231.600000
195 231.600000
196 231.600000
197 232.933333
198 232.933333
199 232.933333
