0 58.850000
1 62.233333
2 76.733333
3 77.233333
4 92.233333
5 95.883333
6 97.300000
7 98.000000
8 104.933333
9 105.383333
10 107.733333
11 107.733333
12 107.833333
13 110.633333
14 112.200000
15 112.200000
16 112.816667
17 113.983333
18 113.983333
19 116.083333
20 117.100000
21 117.100000
22 117.100000
23 118.100000
24 118.566667
25 118.800000
26 126.550000
27 127.150000
28 127.150000
29 127.150000
30 127.150000
31 127.150000
32 129.600000
33 129.600000
34 129.916667
35 130.150000
36 130.916667
37 130.916667
38 130.916667
39 134.766667
40 153.266667
41 153.266667
42 153.266667
43 153.266667
44 153.266667
45 153.266667
46 153.266667
47 153.416667
48 153.416667
49 153.416667
50 153.416667
51 153.416667
52 153.416667
53 155.250000
54 155.250000
55 155.616667
56 156.283333
57 156.950000
58 166.250000
59 166.433333
60 166.433333
61 166.433333
62 166.733333
63 166.733333
64 166.733333
65 166.733333
66 167.066667
67 171.066667
68 171.066667
69 171.066667
70 171.233333
71 171.233333
72 171.233333
73 171.383333
74 171.883333
75 171.883333
76 171.883333
77 171.883333
78 176.383333
79 176.383333
80 176.383333
81 190.383333
82 190.683333
83 190.683333
84 190.683333
85 190.683333
86 190.683333
87 190.683333
88 190.683333
89 190.683333
90 190.683333
91 190.683333
92 190.683333
93 190.683333
94 193.633333
95 193.633333
96 197.633333
97 197.633333
98 197.633333
99 197.633333
100 197.633333
101 197.633333
102 197.633333
103 197.633333
104 197.633333
105 197.633333
106 197.633333
107 197.633333
108 197.633333
109 197.633333
110 197.633333
111 197.633333
112 197.633333
113 197.633333
114 197.633333
115 197.633333
116 197.633333
117 197.633333
118 197.633333
119 197.633333
120 197.666667
121 197.666667
122 197.666667
123 197.783333
124 197.783333
125 197.783333
126 197.783333
127 197.783333
128 197.783333
129 197.783333
130 197.783333
131 197.783333
132 197.783333
133 197.783333
134 197.783333
135 197.783333
136 197.783333
137 197.783333
138 197.783333
139 197.783333
140 197.783333
141 197.783333
142 197.783333
143 197.783333
144 197.783333
145 197.783333
146 197.783333
147 197.783333
148 197.783333
149 200.783333
150 200.783333
151 200.783333
152 201.283333
153 201.283333
154 201.283333
155 201.283333
156 201.283333
157 201.283333
158 201.283333
159 201.283333
160 201.283333
161 201.283333
162 201.283333
163 212.850000
164 212.850000
165 212.850000
166 213.200000
167 217.700000
168 217.700000
169 229.283333
170 229.283333
171 229.700000
172 233.600000
173 233.600000
174 233.700000
175 233.700000
176 233.700000
177 233.700000
178 233.700000
179 233.700000
180 233.700000
181 233.700000
182 236.366667
183 236.366667
184 236.366667
185 236.366667
186 236.366667
187 236.366667
188 236.983333
189 236.983333
190 237.566667
191 237.566667
192 249.866667
193 249.866667
194 249.866667
195 249.866667
196 249.866667
197 249.866667
198 249.866667
199 249.866667
