0 114.000000
1 114.333333
2 114.633333
3 115.416667
4 116.350000
5 123.083333
6 126.783333
7 132.483333
8 133.750000
9 137.383333
10 141.550000
11 142.883333
12 145.316667
13 149.383333
14 149.650000
15 149.983333
16 149.983333
17 149.983333
18 149.983333
19 149.983333
20 149.983333
21 149.983333
22 150.483333
23 150.483333
24 150.483333
25 150.483333
26 150.483333
27 150.483333
28 150.483333
29 150.483333
30 150.483333
31 150.483333
32 150.483333
33 150.783333
34 153.283333
35 153.283333
36 153.283333
37 153.616667
38 159.716667
39 159.716667
40 159.933333
41 159.933333
42 159.933333
43 159.933333
44 159.933333
45 159.933333
46 159.933333
47 159.933333
48 159.933333
49 159.933333
50 159.933333
51 159.933333
52 160.166667
53 160.166667
54 160.166667
55 160.166667
56 160.166667
57 160.166667
58 160.166667
59 160.166667
60 160.283333
61 160.283333
62 160.283333
63 160.283333
64 160.283333
65 160.283333
66 160.283333
67 160.366667
68 160.366667
69 160.366667
70 160.366667
71 160.366667
72 160.366667
73 160.366667
74 160.366667
75 160.366667
76 160.366667
77 160.366667
78 160.366667
79 160.366667
80 160.366667
81 160.666667
82 160.783333
83 160.783333
84 160.783333
85 160.783333
86 160.783333
87 160.783333
88 160.783333
89 160.783333
90 160.783333
91 160.783333
92 160.783333
93 160.783333
94 160.783333
95 160.783333
96 160.783333
97 160.783333
98 160.783333
99 160.783333
100 161.016667
101 161.016667
102 161.016667
103 161.133333
104 161.133333
105 161.133333
106 161.133333
107 161.133333
108 161.133333
109 161.133333
110 161.133333
111 161.133333
112 161.133333
113 161.133333
114 161.133333
115 161.133333
116 161.133333
117 161.133333
118 161.133333
119 161.133333
120 161.133333
121 161.133333
122 161.133333
123 161.133333
124 161.133333
125 161.133333
126 161.133333
127 161.133333
128 161.133333
129 161.133333
130 161.133333
131 161.133333
132 161.133333
133 161.133333
134 161.133333
135 161.133333
136 161.133333
137 161.133333
138 161.133333
139 161.133333
140 161.133333
141 161.133333
142 161.133333
143 161.133333
144 161.133333
145 161.133333
146 161.133333
147 161.133333
148 161.133333
149 161.133333
150 161.133333
151 161.133333
152 161.133333
153 161.133333
154 161.133333
155 161.133333
156 161.133333
157 161.133333
158 161.133333
159 161.133333
160 161.133333
161 161.133333
162 161.133333
163 161.366667
164 161.366667
165 161.366667
166 161.366667
167 161.366667
168 161.366667
169 161.366667
170 161.366667
171 161.366667
172 161.366667
173 161.366667
174 161.366667
175 161.366667
176 161.366667
177 161.366667
178 161.366667
179 161.366667
180 161.366667
181 161.366667
182 161.366667
183 161.366667
184 161.366667
185 161.366667
186 161.366667
187 161.366667
188 161.366667
189 161.366667
190 161.366667
191 161.366667
192 161.366667
193 161.366667
194 161.366667
195 161.366667
196 161.366667
197 161.366667
198 161.366667
199 161.366667
200 161.366667
201 161.366667
202 161.366667
203 161.366667
204 161.366667
205 161.366667
206 161.366667
207 161.366667
208 161.366667
209 161.366667
210 161.366667
211 161.366667
212 161.366667
213 161.366667
214 161.366667
215 161.366667
216 161.366667
217 161.366667
218 161.366667
219 161.366667
220 161.366667
221 161.366667
222 161.366667
223 161.366667
224 161.366667
225 161.366667
226 161.366667
227 161.366667
228 161.366667
229 161.366667
230 161.366667
231 161.366667
232 161.366667
233 161.366667
234 161.366667
235 161.366667
236 161.366667
237 161.366667
238 161.366667
239 161.366667
240 161.366667
241 161.366667
242 161.366667
243 161.366667
244 161.366667
245 161.366667
246 161.366667
247 161.366667
248 161.366667
249 161.366667
250 161.366667
251 161.366667
252 161.366667
253 161.366667
254 161.366667
255 161.366667
256 161.366667
257 161.366667
258 161.366667
259 161.366667
260 161.366667
261 161.366667
262 161.366667
263 161.366667
264 161.366667
265 161.366667
266 161.366667
267 161.366667
268 161.366667
269 161.366667
270 161.366667
271 161.366667
272 161.366667
273 161.366667
274 161.366667
275 161.366667
276 161.366667
277 161.366667
278 161.366667
279 161.366667
280 161.366667
281 161.366667
282 161.366667
283 161.366667
284 161.366667
285 161.366667
286 161.366667
287 161.366667
288 161.366667
289 161.366667
290 161.366667
291 161.366667
292 161.366667
293 161.366667
294 161.366667
295 161.366667
296 161.366667
297 161.366667
298 161.366667
299 161.366667
300 161.366667
301 161.366667
302 161.366667
303 161.366667
304 161.366667
305 161.366667
306 161.366667
307 161.366667
308 161.366667
309 161.366667
310 161.366667
311 161.366667
312 161.366667
313 161.366667
314 161.366667
315 161.366667
316 161.366667
317 161.366667
318 161.366667
319 161.366667
320 161.366667
321 161.366667
322 161.366667
323 161.366667
324 161.366667
325 161.366667
326 161.366667
327 161.366667
328 161.366667
329 161.366667
330 161.366667
331 161.366667
332 161.366667
333 161.366667
334 161.366667
335 161.366667
336 161.366667
337 161.366667
338 161.366667
339 161.366667
340 161.366667
341 161.366667
342 161.366667
343 161.366667
344 161.366667
345 161.366667
346 161.366667
347 161.366667
348 161.366667
349 161.366667
350 161.366667
351 161.366667
352 161.366667
353 161.366667
354 161.366667
355 161.483333
356 161.483333
357 161.483333
358 161.483333
359 161.483333
360 161.483333
361 161.483333
362 161.483333
363 161.483333
364 161.483333
365 161.483333
366 161.483333
367 161.600000
368 161.600000
369 161.600000
370 161.600000
371 161.600000
372 161.600000
373 161.600000
374 161.600000
375 161.600000
376 161.600000
377 161.600000
378 161.600000
379 161.600000
380 161.600000
381 161.600000
382 161.600000
383 161.600000
384 161.600000
385 161.600000
386 161.600000
387 161.600000
388 161.600000
389 161.600000
390 161.600000
391 161.600000
392 161.600000
393 161.600000
394 161.600000
395 161.600000
396 161.600000
397 161.600000
398 161.600000
399 161.600000
400 161.600000
401 161.600000
402 161.600000
403 161.600000
404 161.600000
405 161.600000
406 161.600000
407 161.600000
408 161.600000
409 161.600000
410 161.600000
411 161.600000
412 161.600000
413 161.600000
414 161.600000
415 161.600000
416 161.600000
417 161.600000
418 161.600000
419 161.600000
420 161.600000
421 161.600000
422 161.600000
423 161.600000
424 161.600000
425 161.600000
426 161.600000
427 161.600000
428 161.600000
429 161.600000
430 161.600000
431 161.600000
432 161.600000
433 161.600000
434 161.600000
435 161.600000
436 161.600000
437 161.600000
438 161.600000
439 161.600000
440 161.600000
441 161.600000
442 161.600000
443 161.600000
444 161.600000
445 161.600000
446 161.600000
447 161.600000
448 161.600000
449 161.600000
450 161.600000
451 161.600000
452 161.600000
453 161.600000
454 161.600000
455 161.600000
456 161.600000
457 161.600000
458 161.600000
459 161.600000
460 161.600000
461 161.600000
462 161.600000
463 161.600000
464 161.600000
465 161.600000
466 161.600000
467 161.600000
468 161.600000
469 161.600000
470 161.600000
471 161.600000
472 161.600000
473 161.600000
474 161.600000
475 161.600000
476 161.600000
477 161.600000
478 161.600000
479 161.600000
480 161.600000
481 161.600000
482 161.600000
483 161.600000
484 161.600000
485 161.600000
486 161.600000
487 161.600000
488 161.600000
489 161.600000
490 161.600000
491 161.600000
492 161.600000
493 161.600000
494 161.600000
495 161.600000
496 161.600000
497 161.600000
498 161.600000
499 161.600000
500 161.600000
501 161.600000
502 161.600000
503 161.600000
504 161.600000
505 161.600000
506 161.600000
507 161.600000
508 161.600000
509 161.600000
510 161.600000
511 161.600000
512 161.600000
513 161.600000
514 161.600000
515 161.600000
516 161.600000
517 161.600000
518 161.600000
519 161.600000
520 161.600000
521 161.600000
522 161.600000
523 161.600000
524 161.600000
525 161.600000
526 161.600000
527 161.600000
528 161.600000
529 161.600000
530 161.600000
531 161.600000
532 161.600000
533 161.600000
534 161.600000
535 161.600000
536 161.600000
537 161.600000
538 161.600000
539 161.600000
540 161.600000
541 161.600000
542 161.600000
543 161.600000
544 161.600000
545 161.600000
546 161.600000
547 161.600000
548 161.600000
549 161.600000
550 161.600000
551 161.600000
552 161.600000
553 161.600000
554 161.600000
555 161.600000
556 161.600000
557 161.600000
558 161.600000
559 161.600000
560 161.600000
561 161.600000
562 161.600000
563 161.600000
564 161.600000
565 161.600000
566 161.600000
567 161.600000
568 161.600000
569 161.600000
570 161.600000
571 161.600000
572 161.600000
573 161.600000
574 161.600000
575 161.600000
576 161.600000
577 163.533333
578 163.533333
579 163.533333
580 163.533333
581 163.533333
582 163.533333
583 163.533333
584 163.533333
585 163.533333
586 163.533333
587 163.533333
588 163.533333
589 163.533333
590 163.533333
591 163.533333
592 163.533333
593 163.533333
594 163.533333
595 163.533333
596 163.533333
597 163.533333
598 163.533333
599 163.533333
600 163.533333
601 163.533333
602 163.533333
603 163.533333
604 163.533333
605 163.533333
606 163.533333
607 163.533333
608 163.533333
609 163.533333
610 163.533333
611 163.533333
612 163.533333
613 163.533333
614 163.533333
615 163.533333
616 163.533333
617 163.533333
618 163.533333
619 163.533333
620 163.533333
621 163.533333
622 163.533333
623 163.533333
624 163.533333
625 163.533333
626 163.533333
627 163.533333
628 163.533333
629 163.533333
630 163.533333
631 163.533333
632 163.533333
633 163.533333
634 163.533333
635 163.533333
636 163.533333
637 163.533333
638 163.533333
639 163.533333
640 163.533333
641 163.533333
642 163.533333
643 163.533333
644 163.533333
645 163.533333
646 163.533333
647 163.533333
648 163.533333
649 163.533333
650 163.533333
651 163.533333
652 163.533333
653 163.533333
654 163.533333
655 163.533333
656 163.533333
657 163.533333
658 163.533333
659 163.533333
660 163.533333
661 163.533333
662 163.533333
663 163.533333
664 163.533333
665 163.533333
666 163.533333
667 163.533333
668 163.533333
669 163.533333
670 163.533333
671 163.533333
672 163.533333
673 163.533333
674 163.533333
675 163.533333
676 163.533333
677 163.533333
678 163.533333
679 163.533333
680 163.533333
681 163.533333
682 163.533333
683 163.533333
684 163.533333
685 163.533333
686 163.533333
687 163.533333
688 163.533333
689 163.533333
690 163.533333
691 163.533333
692 163.533333
693 163.533333
694 163.533333
695 163.533333
696 163.533333
697 163.533333
698 163.533333
699 163.533333
700 163.533333
701 163.533333
702 163.533333
703 163.533333
704 163.533333
705 163.533333
706 163.533333
707 163.533333
708 163.533333
709 163.533333
710 163.533333
711 163.533333
712 163.533333
713 163.533333
714 163.533333
715 163.533333
716 163.533333
717 163.533333
718 163.533333
719 163.533333
720 163.533333
721 163.533333
722 163.533333
723 163.533333
724 163.533333
725 163.533333
726 163.533333
727 163.533333
728 163.533333
729 163.533333
730 163.533333
731 163.533333
732 163.533333
733 163.533333
734 163.533333
735 163.533333
736 163.533333
737 163.533333
738 163.533333
739 163.533333
740 163.533333
741 163.533333
742 163.533333
743 163.533333
744 163.533333
745 163.533333
746 163.533333
747 163.533333
748 163.533333
749 163.533333
750 163.533333
751 163.533333
752 163.533333
753 163.533333
754 163.533333
755 163.533333
756 163.533333
757 163.533333
758 163.533333
759 163.533333
760 163.533333
761 163.533333
762 163.533333
763 163.533333
764 163.533333
765 163.533333
766 163.533333
767 163.533333
768 163.533333
769 163.533333
770 163.533333
771 163.533333
772 163.533333
773 163.533333
774 163.533333
775 163.533333
776 163.533333
777 163.533333
778 163.533333
779 163.533333
780 163.533333
781 163.533333
782 163.533333
783 163.533333
784 163.533333
785 163.533333
786 163.533333
787 163.533333
788 163.533333
789 163.533333
790 163.533333
791 163.533333
792 163.533333
793 163.533333
794 163.533333
795 163.533333
796 163.533333
797 163.533333
798 163.533333
799 163.533333
800 163.533333
801 163.533333
802 163.533333
803 163.533333
804 163.533333
805 163.533333
806 163.533333
807 163.533333
808 163.533333
809 163.533333
810 163.533333
811 163.533333
812 163.533333
813 163.533333
814 163.533333
815 163.533333
816 163.533333
817 163.533333
818 163.533333
819 163.533333
820 163.533333
821 163.533333
822 163.533333
823 163.533333
824 163.533333
825 163.533333
826 163.533333
827 163.533333
828 163.533333
829 163.533333
830 163.533333
831 163.533333
832 163.533333
833 163.533333
834 163.533333
835 163.533333
836 163.533333
837 163.533333
838 163.533333
839 163.533333
840 163.533333
841 163.533333
842 163.533333
843 163.533333
844 163.533333
845 163.533333
846 163.533333
847 163.533333
848 163.533333
849 163.533333
850 163.533333
851 163.533333
852 163.533333
853 163.533333
854 163.533333
855 163.533333
856 163.533333
857 163.533333
858 163.533333
859 163.533333
860 163.533333
861 163.533333
862 163.533333
863 163.650000
864 163.650000
865 163.650000
866 163.650000
867 163.650000
868 163.650000
869 163.650000
870 163.650000
871 163.650000
872 163.650000
873 163.650000
874 163.650000
875 163.650000
876 163.650000
877 163.650000
878 163.650000
879 163.650000
880 163.650000
881 163.650000
882 163.650000
883 163.650000
884 163.650000
885 163.650000
886 163.650000
887 163.650000
888 163.650000
889 163.650000
890 163.650000
891 163.650000
892 163.650000
893 163.650000
894 163.650000
895 163.650000
896 163.650000
897 163.650000
898 163.650000
899 163.650000
900 163.650000
901 163.650000
902 163.650000
903 163.650000
904 163.650000
905 163.650000
906 163.650000
907 163.650000
908 163.650000
909 163.650000
910 163.650000
911 163.650000
912 163.650000
913 163.650000
914 163.650000
915 163.650000
916 163.650000
917 163.650000
918 163.650000
919 163.650000
920 163.650000
921 163.650000
922 163.650000
923 163.650000
924 163.650000
925 163.650000
926 163.650000
927 163.650000
928 163.650000
929 163.650000
930 163.650000
931 163.650000
932 163.650000
933 163.650000
934 163.650000
935 163.650000
936 163.650000
937 163.650000
938 163.650000
939 163.650000
940 163.650000
941 163.650000
942 163.650000
943 163.650000
944 163.650000
945 163.650000
946 163.650000
947 163.650000
948 163.650000
949 163.650000
950 163.650000
951 163.733333
952 163.733333
953 163.733333
954 163.733333
955 163.733333
956 163.733333
957 163.733333
958 163.733333
959 163.733333
960 163.733333
961 163.733333
962 163.733333
963 163.733333
964 163.733333
965 163.733333
966 163.733333
967 163.733333
968 163.733333
969 163.733333
970 163.733333
971 163.733333
972 163.733333
973 163.733333
974 163.733333
975 163.733333
976 163.733333
977 163.733333
978 163.733333
979 163.733333
980 163.733333
981 163.733333
982 163.733333
983 163.733333
984 163.733333
985 163.733333
986 163.733333
987 163.733333
988 163.733333
989 163.733333
990 163.733333
991 163.733333
992 163.733333
993 163.733333
994 163.733333
995 163.733333
996 163.733333
997 163.733333
998 163.733333
999 163.733333
