0 35 1 75 51000 51000 0 34.6695715618476 135.47628217112882 1 100
1 45 1 120 330 330 2000 34.70547567440667 135.49016126743155 1 100
2 40 1 15 0 1 0 34.69625163621138 135.5126877827736 0 100
3 35 1 60 0 1 600 34.710446407407005 135.51129540976046 0 100
4 35 1 75 0 1 0 34.69240759687099 135.50789689222955 0 100
5 45 1 45 10000 150 0 34.693144269720804 135.50653729728 1 100
6 35 1 90 0 1 400 34.69132501029032 135.49151200975973 0 100
7 45 1 15 0 1 0 34.66905871060777 135.5012541839447 0 100
8 40 1 60 10000 150 0 34.66511923852089 135.50366632510128 1 100
9 45 1 15 0 1 0 34.661718018184125 135.49671462510108 0 100
10 35 1 60 0 1 2300 34.66740761635385 135.50874241368945 1 100
11 45 1 60 0 1 2700 34.65455674864548 135.4289630700417 0 100
12 45 1 15 480 480 900 34.656532907903745 135.43094792311086 1 100
13 35 1 60 10000 100 0 34.66572428892634 135.40662439626553 1 500
14 45 1 0 0 1 0 34.70260781935906 135.49134215208895 1 100
15 50 1 20 0 1 1200 34.687453062833626 135.52583608859524 0 100
16 45 1 30 0 1 0 34.68657671585828 135.52621139626652 0 100
17 35 1 30 0 1 0 34.69590463150864 135.52171514044494 0 100
18 35 1 60 0 1 2000 34.64617648959869 135.51344490975805 1 100
19 30 1 35 0 1 1200 34.65256977858494 135.5062628809228 0 100
20 30 1 60 0 1 500 34.65116627978089 135.50832710790897 0 100
21 140 2 30 100000 1 1500 34.683687341594755 135.45121192457975 1 100
22 65 2 30 30 20 1000 34.697732841837805 135.51425008846599 1 100
23 65 2 40 30 20 1500 34.70224901434325 135.50120382469441 1 100
24 55 2 45 60 50 2500 34.66921881469928 135.50137548605983 1 100
25 50 2 30 60 42 1500 34.688276307377386 135.51648168621648 1 100
26 5 2 30 60 30 1500 34.734136055561585 135.49974361233174 1 100
27 65 2 30 1000000 1 2500 34.73466552237448 135.50304552322757 1 100
28 35 2 30 60 30 2000 34.70236183981325 135.49990468115593 1 100
29 130 2 30 10000 1 1500 34.7070300903869 135.4974071396249 1 100
30 10 2 45 50 20 1500 34.704480500693464 135.4976497176173 1 100
31 30 3 25 30 15 1000 34.72750535213179 135.49943676515755 0 100
32 70 3 40 5 1 1000 34.704415826418284 135.51600544326396 0 100
33 25 3 30 40 20 1500 34.706219927758454 135.50130211302388 0 100
34 25 3 30 10 1 1000 34.74148220471771 135.49954649150266 0 100
35 30 3 30 10 1 1000 34.735350715279125 135.49987567053788 0 100
36 140 3 30 1000000 1 1000 34.710008412510064 135.50843432545375 1 100
37 45 3 30 10 1 1000 34.70279210157458 135.50042430226324 0 100
38 40 3 60 30 20 1000 34.70414520782399 135.50185074474922 0 100
39 45 3 25 10 1 1000 34.686733551443645 135.4894516677557 0 100
40 170 3 25 10000 1 1000 34.69647731314954 135.4808930128398 1 1000
41 55 4 85 50 30 2000 34.727362880525654 135.49915743176655 1 100
42 65 4 55 60 30 3000 34.70817327206633 135.50877046848458 1 100
43 60 4 45 60 30 3000 34.70450416342293 135.5008740454662 1 100
44 30 4 30 60 30 1500 34.699988114008086 135.5345196739793 1 100
45 30 4 30 70 17 2000 34.67698066211108 135.5037922887556 1 100
46 130 4 30 1000000 1 3500 34.680933317297 135.50018739998632 1 100
47 35 4 20 60 30 2500 34.70323404943945 135.49778414080683 1 100
48 10 4 35 60 30 2500 34.675427781670585 135.50190401368596 1 100
49 65 4 40 60 25 3500 34.68982610162493 135.49572420436724 1 100
50 20 4 20 60 30 1500 34.706056498478496 135.49795580217676 1 100