0 43 1 15 0 1 0 34.70260781935906 135.49134215208895 1 100
1 44 1 240 330 330 2000 34.70547567440667 135.49016126743155 1 100
2 42 1 15 0 1 0 34.70438903934932 135.51162943809837 0 100
3 43 1 15 0 1 0 34.69625163621138 135.5126877827736 0 100
4 42 1 60 0 1 600 34.710446407407005 135.51129540976046 0 100
5 42 1 150 0 1 0 34.69240759687099 135.50789689222955 0 100
6 44 1 90 100000 150 0 34.693144269720804 135.50653729728 1 100
7 42 1 180 0 1 400 34.69132501029032 135.49151200975973 0 100
8 44 1 15 0 1 0 34.66905871060777 135.5012541839447 0 100
9 43 1 60 100000 150 0 34.66511923852089 135.50366632510128 1 100
10 44 1 15 0 1 0 34.661718018184125 135.49671462510108 0 100
11 41 1 30 0 1 0  34.665502886586346 135.5061225790738 0 100
12 42 1 120 0 1 2300 34.66740761635385 135.50874241368945 1 100
13 30 1 15 0 1 0 34.672340191160465 135.49789672195047 0 100
14 43 1 15 0 1 0 34.66825103351621 135.50261039626574 0 100
15 44 1 120 0 1 2700 34.65455674864548 135.4289630700417 0 100
16 44 1 15 480 480 900 34.656532907903745 135.43094792311086 1 100
17 42 1 120 100000 100 0 34.66572428892634 135.40662439626553 1 500
18 42 1 150 51000 51000 0 34.6695715618476 135.47628217112882 1 100
19 45 1 20 0 1 1200 34.687453062833626 135.52583608859524 0 100
20 44 1 60 0 1 0 34.68657671585828 135.52621139626652 0 100
21 42 1 60 0 1 0 34.69590463150864 135.52171514044494 0 100
22 42 1 120 0 1 2000 34.64617648959869 135.51344490975805 1 100
23 41 1 30 0 1 1200 34.65256977858494 135.5062628809228 0 100
24 42 1 15 0 1 0 34.65179072611459 135.50608105366243 0 100
25 40 1 60 0 1 1500 34.649920524912865 135.50555415208677 1 100
26 41 1 90 0 1 500 34.65116627978089 135.50832710790897 0 100
27 40 1 15 0 1 0 34.66560967357922 135.53048094223965 0 100
