0 0.00 0.00 
1 -108.07 319.25 
2 1953.50 -707.57 
3 1826.08 872.59 
4 1515.05 -1135.48 
5 1390.63 -1053.48 
6 15.54 -1256.00 
7 907.13 -3734.67 
8 1127.88 -4173.21 
9 491.68 -4551.83 
10 1592.43 -3918.47 
11 -5708.79 -5349.02 
12 -5527.15 -5129.04 
13 -7753.18 -4105.86 
14 -1378.26 -3677.58 
15 3156.81 -1687.02 
16 3191.16 -1784.57 
17 2779.67 -746.20 
18 2022.80 -6281.91 
19 1365.51 -5570.21 
20 1554.43 -5726.45 
21 -3672.63 -2106.22 
22 2096.48 -542.68 
23 902.52 -39.94 
24 918.23 -3716.85 
25 2300.71 -1595.38 
26 768.88 3509.71 
27 1071.07 3568.65 
28 783.62 -27.38 
29 555.05 492.28 
30 577.25 208.47 
31 740.80 2771.58 
32 2257.13 201.27 
33 911.51 402.10 
34 750.84 4327.48 
35 780.97 3644.92 
36 1564.24 823.83 
37 831.18 20.51 
38 961.72 171.14 
39 -173.01 -1767.12 
40 -956.28 -682.44 
41 715.24 2755.72 
42 1595.00 619.54 
43 872.34 211.10 
44 3951.51 -291.62 
45 1139.41 -2852.80 
46 809.50 -2412.79 
47 589.56 69.71 
48 966.60 -3025.67 
49 401.04 -1422.85 
50 605.27 383.91 