グラングリーン大阪　4.3 1 15 0 1 0 34.70260781935906 135.49134215208895 1 100
梅田スカイビル 空中庭園展望台 4.4 1 240 330 330 2000 34.70547567440667 135.49016126743155 1 100
大阪天満宮 4.3 1 15 0 1 0 34.69625163621138 135.5126877827736 0 100
大阪くらしの今昔館 4.2 1 60 0 1 0 600 34.710446407407005 135.51129540976046 0 100
中之島 4.2 1 150 0 1 0 34.69240759687099 135.50789689222955 0 100
こども本の森　中之島 4.4 1 90 10000 150 0 34.693144269720804 135.50653729728 1 100
大阪市立科学館 4.2 1 180 0 1 400 34.69132501029032 135.49151200975973 0 100
道頓堀 4.4 1 15 0 1 0 34.66905871060777 135.5012541839447 0 100
なんばグランド花月 4.3 1 60 10000 150 0 34.66511923852089 135.50366632510128 1 100
難波八坂神社 4.4 1 15 0 1 0 34.661718018184125 135.49671462510108 0 100
国立文学劇場 4.2 1 120 0 1 2300 34.66740761635385 135.50874241368945 1 100
海遊館 4.4 1 120 0 1 2700 34.65455674864548 135.4289630700417 0 100
天保山大観覧車 4.4 1 15 480 480 900 34.656532907903745 135.43094792311086 1 100
大阪広域環境施設組合 舞洲工場 4.2 1 120 10000 100 0 34.66572428892634 135.40662439626553 1 500
京セラドーム大阪 4.2 1 150 51000 51000 0 34.6695715618476 135.47628217112882 1 100
大阪城天守閣 4.5 1 20 0 1 1200 34.687453062833626 135.52583608859524 0 100
大阪城公園 4.4 1 60 0 1 0 34.68657671585828 135.52621139626652 0 100
造幣博物館 4.2 1 60 0 1 0 34.69590463150864 135.52171514044494 0 100
あべのハルカス 4.2 1 120 0 1 2000 34.64617648959869 135.51344490975805 1 100
通天閣 4.1 1 75 0 1 1200 34.65256977858494 135.5062628809228 0 100
天王寺動物園 4.1 1 120 0 1 500 34.65116627978089 135.50832710790897 0 100

お好み焼 道草 4.9 2 60 0 1 1500 34.683687341594755, 135.45121192457975 1 100
お好み焼きが美味いだけの居酒屋 ふわとろ 4.8 2 60 0 1 1000 34.697732841837805, 135.51425008846599 1 100
お好み焼き酒場O 難波店 4.8 2 80 0 1 1500 34.70224901434325, 135.50120382469441 1 100
お好み焼 さくら 4.6 2 45 0 1 2500 34.66921881469928, 135.50137548605983 1 100
お好み焼き めっせ熊 新大阪店 4.5 2 60 0 1 1500 34.688276307377386, 135.51648168621648 1 100
鉄板焼き カランコロン お好み焼き 3.6 2 60 0 1 1500 34.734136055561585, 135.49974361233174 1 100
秀月（お好み焼き・串カツ） 4.8 2 60 0 1 2500 34.73466552237448, 135.50304552322757 1 100
お好み焼ゆかり 曽根崎本店 4.2 2 60 0 1 2000 34.70236183981325, 135.49990468115593 1 100
メロディ 4.8 2 60 0 1 1500 34.7070300903869, 135.4974071396249 1 100
お好み焼き　きじ 3.7 2 45 0 1 1500 34.704480500693464, 135.4976497176173 1 100

たこ焼 十八番 西中島本店 4.1 3 25 0 1 1000 34.72750535213179, 135.49943676515755 0 100
たこ焼き 魔法蛸 4.9 3 40 0 1 1000 34.704415826418284, 135.51600544326396 0 100
蛸之徹 角田店 4.0 3 60 0 1 1500 34.706219927758454, 135.50130211302388 0 100
タコたこ 4.0 3 60 0 1 1000 34.74148220471771, 135.49954649150266 0 100
たこ焼道楽 わなか 新大阪駅店 4.1 3 30 0 1 1000 34.735350715279125, 135.49987567053788 0 100
蛸や和 4.9 3 60 0 1 1000 34.710008412510064, 135.50843432545375 0 100
なにわたこ焼き あま福 4.4 3 60 0 1 1000 34.70279210157458, 135.50042430226324 0 100
たこ焼き鍛次郎 4.3 3 120 0 1 1000 34.70414520782399, 135.50185074474922 0 100
たこぴん うつぼ公園前店 4.4 3 25 0 1 1000 34.686733551443645, 135.4894516677557 0 100
たこたこ 4.6 3 25 0 1 1000 34.69647731314954, 135.4808930128398 0 1000

串カツ田中 西中島南方店 4.6 4 85 0 1 2000 34.727362880525654, 135.49915743176655 1 100
串処かりや 4.8 4 115 0 1 3000 34.70817327206633, 135.50877046848458 1 100
串カツ×海鮮 大衆居酒屋 梅田スタンド 4.7 4 90 0 1 3000 34.70450416342293, 135.5008740454662 1 100
酒房まつい 京橋本店 4.1 4 60 0 1 1500 34.699988114008086, 135.5345196739793 1 100
心斎橋の美味しい串カツあげてんかっ!本店 4.1 4 60 0 1 2000 34.67698066211108, 135.5037922887556 1 100
大阪 串カツ 坊也哲 4.8 4 60 0 1 3500 34.680933317297, 135.50018739998632 1 100
串かつぶらり横丁七福神 本店 4.2 4 40 0 1 2500 34.70323404943945, 135.49778414080683 1 100
串かつだるま 心斎橋店 3.7 4 65 0 1 2500 34.675427781670585, 135.50190401368596 1 100
創作酒場 串カツCOCORO 4.8 4 70 0 1 3500 34.68982610162493, 135.49572420436724 1 100
串かつ専門店 松葉 総本店 3.9 4 40 0 1 1500 34.706056498478496, 135.49795580217676 1 100