0 30 3 90 21 24 2500 346.367615 277.007874 0 21
1 30 4 90 40 28 400 181.260727 495.461182 1 19
2 20 4 30 21 20 500 195.301804 135.413208 1 33
3 10 0 90 25 14 1300 166.715302 194.437469 1 46
4 30 2 60 17 20 2900 229.916290 470.149872 1 28
5 30 1 30 38 24 1100 0.705105 471.427277 0 33
6 20 0 90 7 10 100 1.967329 228.722183 1 30
7 10 1 30 24 23 1900 354.909546 69.760231 0 25
8 30 3 60 31 28 500 61.688343 349.004578 0 47
9 30 0 90 20 20 1700 82.297211 232.675217 1 36
10 10 3 90 29 28 0 284.294342 214.745956 0 49
11 10 0 90 17 14 300 76.228584 493.395325 1 48
12 20 0 60 17 12 0 251.115326 431.716187 0 42
13 20 3 30 21 23 1400 109.817314 315.773743 1 31
14 30 4 30 40 27 1400 423.436127 36.957546 0 47
15 10 1 30 32 21 900 47.157364 338.144989 0 13
16 10 0 30 11 16 200 67.638199 328.284729 1 26
17 20 3 90 23 13 2200 47.247040 100.883713 0 23
18 20 0 60 23 15 200 189.832169 458.838196 0 39
19 10 3 30 10 11 2700 86.074806 473.056000 1 21
20 10 4 90 30 26 2400 291.268372 178.184052 0 13
21 20 0 90 28 18 1900 133.989746 340.414795 0 22
22 20 2 90 27 27 2600 436.945953 168.508011 1 31
23 30 2 90 19 20 1500 198.422455 29.642080 1 11
24 30 2 90 26 24 1600 472.470154 62.129490 0 44
25 20 3 30 28 26 300 134.782135 482.250031 1 30
26 30 0 90 32 20 1100 189.466949 37.868137 0 42
27 10 2 30 25 19 1000 312.618042 110.512573 0 28
28 10 1 90 28 19 2400 489.184418 282.944550 1 48
29 10 2 90 28 19 400 456.868286 437.691071 1 19
