don't use branch mutation
60(20) 133.000000 -100.000000 -0.4916665 30 15 0
120(20) 68.000000 -81.750000 37.56667
180(10) 115.500000 -100.000000 69.883333 15 3 0
240(10) 140.500000 -80.000000 97.433333 22 2 2
300(10) 199.500000 -63.500000 130.633333 5 3 3
360(10) 252.500000 -24.500000 183.166667 4 4 2

use branch mutation
60(20) 0 0 14.78000
120(20) 0 0 53.760000
180(10) 0 0 68.595000
240(20) 0 0 149.605
300(20) 0 0 251.8625
360(10) 0 0 273.435


========================================
60(10) 133.000000 -100.000000 -0.983333 30 15 0
60(10) 0 0 0
60(10) 45 -100 22.54000
120(10) 61.000000 -80.000000 35.566667 23 13 0
120(10) 75.000000 -83.500000 39.566667 26 15 0
120(10) 115.000 -100         58.65000
180(10) 115.500000 -100.000000 69.883333 15 3 0
180(10) 211.000000 -100.000000 148.475000
180(10) 212.000000 -100.000000 140.890000


180(10) 116.000000 -93.500000 77.7450000
240(10) 140.500000 -80.000000 97.433333 22 2 2
240(10) 252.000000 -100.000000 181.170000
240(10) 168.500000 -93.500000 112.830000
300(10) 199.500000 -63.500000 130.633333 5 3 3
300(10) 227.000000 -93.500000 148.000000
300(3) 330.000000 -66.666667 235.566667
360(10) 252.500000 -24.500000 183.166667 4 4 2


60U(10) 0 0 25.975000 1/11
60U(10) 30.50000 -100.000000 3.585000 1/12
60U(10) 52.000000 -80.000000 20.750000
120U(10) 0 0 68.955000 1/11
120U(10) 83.500000 -100.00000 38.565000
120U(10) 128.000000 -100.000000 75.555000
180U(10) 104.500000 -90.000000 68.595000 76 0 0 1/12
180U(10) 194.500000 -100.000000 132.730000 1/14
180U(10) 203.500000 -90.000000 142.045000 18 9 0

240U(10) 167.500000 -100.000000 110.470000 67 52 0 1/12
240U(10) 269.000000 -90.000000 188.740000 1/14
240U(10) 272.000000 -90.000000 189.005000 52 15 7 1/14

300U(10) 343.000000 -70.000000 261.045000 1/12
300U(10) 330.500000 -100.00000 242.680000 1/14
300U(10) 316.500000 -80.000000 235.045000 43 28 7 1/14
360U(10) 362.500000 -80.000000 273.435000 1/13
360U(10) 396.500000 -80.000000 290.905000 1/13

180X 
240X 
300X 

