0 10 3 60 24 13 1800 194.598999 332.641449 1 15
1 0 3 30 29 24 2700 318.620178 289.155273 1 39
2 10 4 30 19 22 2700 48.740570 153.095840 0 15
3 0 2 60 32 27 1100 399.059387 395.730591 0 43
4 10 0 60 13 14 900 81.194931 261.967377 0 11
5 20 2 30 15 16 700 497.718109 410.666779 0 39
6 20 0 60 22 15 1800 104.720894 250.922470 1 19
7 0 1 60 16 11 1700 478.488464 256.506561 0 36
8 10 0 30 16 20 2500 76.910530 296.319733 1 33
9 0 4 60 15 14 300 69.717209 109.948257 1 24
10 20 4 30 13 16 1000 112.113945 157.967560 0 18
11 0 3 30 14 11 1600 159.670670 415.453003 1 17
12 10 3 60 36 22 400 435.152954 190.032028 1 40
13 10 4 30 25 19 400 341.252960 32.458145 1 16
14 20 1 30 20 11 2500 136.850967 323.215057 1 14
15 20 3 60 27 20 2700 133.907547 100.046349 1 16
16 20 2 30 11 12 2500 168.337845 175.092819 0 29
17 20 0 90 20 12 2700 212.687851 214.164917 0 36
18 20 4 90 25 16 1900 165.684814 55.473263 1 49
19 10 1 30 24 14 1900 53.649544 260.069580 1 14
20 10 3 90 39 26 1900 134.503525 325.196289 1 43
21 0 0 90 33 21 2400 451.861786 79.150703 1 11
22 10 4 60 29 29 1700 69.146912 354.546936 1 16
23 20 1 90 27 28 2900 247.117996 212.827591 1 41
24 0 3 60 23 12 1000 33.844433 234.688553 1 36
25 0 0 90 28 24 1400 76.820473 230.137039 0 27
26 10 0 90 25 27 2900 303.646759 189.357040 0 36
27 0 1 30 24 25 1900 108.559746 305.144897 1 13
28 0 4 90 28 29 2500 494.962311 462.959106 1 48
29 20 4 60 13 12 1800 100.256569 207.626419 1 41
