0 47 3 0 0 1300 466.353363 189.901428 0 0 306
1 76 0 0 10 600 110.751671 44.160286 1 0 436
2 9 0 0 3 400 339.365845 460.219116 1 0 294
3 71 1 0 14 1700 75.365463 381.588196 0 0 184
4 6 2 0 5 2200 426.526703 205.877869 1 0 205
5 57 0 0 4 500 479.934052 487.243256 0 0 369
6 21 4 0 12 0 480.407104 310.434296 1 0 266
7 41 0 0 7 1200 55.055389 317.026276 0 0 194
8 0 3 0 1 100 148.426773 205.267487 1 0 188
9 42 4 0 18 2000 467.513062 203.421127 1 0 413
10 99 2 0 14 300 132.099380 206.884979 0 0 173
11 97 4 0 13 600 93.386642 154.728851 1 0 315
12 40 1 0 0 1800 367.381805 430.555145 0 0 234
13 92 3 0 16 1200 282.494568 259.422607 1 0 159
14 23 3 0 0 200 207.129120 463.667725 0 0 346
15 56 3 0 19 2600 269.539490 352.732941 1 0 278
16 38 4 0 1 2100 469.939270 330.759613 1 0 103
17 45 0 0 15 200 268.181427 463.393066 1 0 402
18 67 0 0 9 2100 486.175110 482.085632 1 0 434
19 67 1 0 10 2600 264.748077 113.681450 0 0 216
20 1 3 0 6 2000 484.389771 402.249207 0 0 448
21 44 3 0 5 1800 424.802399 359.858978 0 0 341
22 36 1 0 12 2200 380.459015 275.734711 0 0 454
23 62 3 0 9 2200 146.977142 93.249306 0 0 257
24 61 3 0 18 200 322.321228 276.741821 1 0 176
25 74 4 0 11 0 460.280151 139.713730 0 0 305
26 29 0 0 15 600 265.617859 281.487457 0 0 371
27 81 2 0 5 2100 473.143707 156.208984 0 0 393
28 8 2 0 15 2500 474.196625 446.974091 0 0 166
29 56 3 0 1 500 260.048218 293.420197 0 0 304
