0 45.000000
1 45.000000
2 45.000000
3 63.333333
4 66.666667
5 90.000000
6 90.000000
7 90.000000
8 90.000000
9 90.000000
10 90.000000
11 90.000000
12 90.000000
13 90.000000
14 90.000000
15 90.000000
16 90.000000
17 90.000000
18 90.000000
19 90.000000
20 90.000000
21 90.000000
22 90.000000
23 90.000000
24 90.000000
25 90.000000
26 90.000000
27 90.000000
28 90.000000
29 90.000000
30 90.000000
31 90.000000
32 90.000000
33 90.000000
34 90.000000
35 90.000000
36 90.000000
37 90.000000
38 90.000000
39 90.000000
40 90.000000
41 90.000000
42 90.000000
43 90.000000
44 90.000000
45 90.000000
46 90.000000
47 123.333333
48 123.333333
49 130.000000
50 130.000000
51 130.000000
52 130.000000
53 130.000000
54 130.000000
55 130.000000
56 139.333333
57 145.333333
58 150.500000
59 150.500000
60 150.500000
61 150.500000
62 150.500000
63 150.500000
64 153.500000
65 153.500000
66 153.500000
67 153.500000
68 153.500000
69 153.500000
70 153.500000
71 153.500000
72 153.500000
73 153.500000
74 153.500000
75 153.500000
76 153.500000
77 153.500000
78 153.500000
79 153.500000
80 153.500000
81 153.500000
82 153.500000
83 153.500000
84 153.500000
85 153.500000
86 153.500000
87 153.500000
88 153.500000
89 153.500000
90 153.500000
91 153.500000
92 153.500000
93 153.500000
94 153.500000
95 153.500000
96 153.500000
97 153.500000
98 153.500000
99 153.500000
