0 110.500000
1 110.500000
2 110.500000
3 110.500000
4 110.500000
5 110.500000
6 110.500000
7 110.500000
8 110.500000
9 110.500000
10 110.500000
11 110.500000
12 110.500000
13 110.500000
14 110.500000
15 110.500000
16 110.500000
17 110.500000
18 110.500000
19 110.500000
20 110.500000
21 110.500000
22 110.500000
23 110.500000
24 110.500000
25 110.500000
26 110.500000
27 110.500000
28 110.500000
29 110.500000
30 110.500000
31 110.500000
32 110.500000
33 110.500000
34 110.500000
35 110.500000
36 110.500000
37 110.500000
38 110.500000
39 110.500000
40 110.500000
41 110.500000
42 110.500000
43 110.500000
44 110.500000
45 110.500000
46 110.500000
47 110.500000
48 110.500000
49 110.500000
50 110.500000
51 110.500000
52 110.500000
53 110.500000
54 110.500000
55 110.500000
56 110.500000
57 110.500000
58 110.500000
59 110.500000
60 110.500000
61 110.500000
62 110.500000
63 110.500000
64 110.500000
65 110.500000
66 110.500000
67 110.500000
68 110.500000
69 110.500000
70 110.500000
71 110.500000
72 110.500000
73 110.500000
74 110.500000
75 110.500000
76 110.500000
77 110.500000
78 110.500000
79 110.500000
80 110.500000
81 110.500000
82 110.500000
83 110.500000
84 110.500000
85 110.500000
86 110.500000
87 110.500000
88 110.500000
89 110.500000
90 110.500000
91 110.500000
92 110.500000
93 110.500000
94 110.500000
95 110.500000
96 110.500000
97 110.500000
98 110.500000
99 110.500000
