0 70.000000
1 87.500000
2 87.500000
3 87.500000
4 87.500000
5 87.500000
6 87.500000
7 88.333333
8 90.000000
9 90.000000
10 90.000000
11 90.833333
12 90.833333
13 90.833333
14 101.666667
15 101.666667
16 101.666667
17 101.666667
18 101.666667
19 105.000000
20 105.000000
21 105.000000
22 105.000000
23 105.000000
24 105.000000
25 105.000000
26 105.000000
27 105.000000
28 107.500000
29 107.500000
30 107.500000
31 107.500000
32 107.500000
33 107.500000
34 107.500000
35 107.500000
36 107.500000
37 111.333333
38 111.333333
39 113.833333
40 116.333333
41 116.333333
42 116.333333
43 116.333333
44 116.333333
45 116.333333
46 116.333333
47 116.333333
48 116.333333
49 118.000000
50 118.000000
51 118.000000
52 118.000000
53 118.000000
54 118.000000
55 118.000000
56 118.000000
57 118.000000
58 118.000000
59 118.000000
60 118.000000
61 118.000000
62 118.666667
63 118.666667
64 118.666667
65 118.666667
66 130.333333
67 130.333333
68 130.333333
69 130.333333
70 130.333333
71 130.333333
72 130.333333
73 130.333333
74 130.333333
75 130.333333
76 130.333333
77 130.333333
78 130.333333
79 130.333333
80 130.333333
81 130.333333
82 130.333333
83 130.333333
84 130.333333
85 130.333333
86 130.333333
87 130.333333
88 130.333333
89 130.333333
90 130.333333
91 130.333333
92 130.333333
93 130.333333
94 130.333333
95 130.333333
96 130.333333
97 130.333333
98 130.333333
99 130.333333
