0 106.000000
1 106.000000
2 106.000000
3 106.000000
4 106.000000
5 106.000000
6 106.000000
7 106.000000
8 106.000000
9 106.000000
10 106.000000
11 106.000000
12 106.000000
13 106.000000
14 106.000000
15 106.000000
16 106.000000
17 106.000000
18 106.000000
19 106.000000
20 106.000000
21 106.000000
22 106.000000
23 106.000000
24 106.000000
25 106.000000
26 106.000000
27 106.000000
28 106.000000
29 106.000000
30 106.000000
31 106.000000
32 106.000000
33 106.000000
34 106.000000
35 106.000000
36 106.000000
37 106.000000
38 106.000000
39 106.000000
40 106.000000
41 106.000000
42 106.000000
43 106.000000
44 106.000000
45 106.000000
46 106.000000
47 106.000000
48 106.000000
49 106.000000
50 106.000000
51 106.000000
52 106.000000
53 106.000000
54 106.000000
55 106.000000
56 106.000000
57 106.000000
58 106.000000
59 106.000000
60 106.000000
61 106.000000
62 106.000000
63 106.000000
64 106.000000
65 106.000000
66 106.000000
67 106.000000
68 106.000000
69 106.000000
70 106.000000
71 106.000000
72 106.000000
73 106.000000
74 106.000000
75 106.000000
76 106.000000
77 106.000000
78 106.000000
79 106.000000
80 106.000000
81 106.000000
82 106.000000
83 106.000000
84 106.000000
85 106.000000
86 106.000000
87 106.000000
88 106.000000
89 106.000000
90 106.000000
91 106.000000
92 106.000000
93 106.000000
94 106.000000
95 106.000000
96 106.000000
97 106.000000
98 106.000000
99 106.000000
