0 6.000000
1 6.000000
2 37.500000
3 37.500000
4 37.500000
5 37.500000
6 42.000000
7 42.000000
8 45.000000
9 45.000000
10 45.000000
11 45.000000
12 45.000000
13 45.000000
14 45.000000
15 45.000000
16 45.000000
17 45.000000
18 45.000000
19 45.000000
20 45.000000
21 45.000000
22 45.000000
23 45.000000
24 45.000000
25 45.000000
26 45.000000
27 45.000000
28 45.000000
29 45.000000
30 45.000000
31 45.000000
32 45.000000
33 45.000000
34 45.000000
35 45.000000
36 45.000000
37 45.000000
38 45.000000
39 45.000000
40 45.000000
41 45.000000
42 47.666667
43 47.666667
44 47.666667
45 51.333333
46 51.333333
47 51.333333
48 51.333333
49 51.333333
50 55.000000
51 55.000000
52 55.000000
53 55.000000
54 55.000000
55 55.000000
56 55.000000
57 55.000000
58 55.000000
59 55.000000
60 55.000000
61 55.000000
62 55.000000
63 55.000000
64 55.000000
65 55.000000
66 55.000000
67 55.000000
68 55.000000
69 55.000000
70 55.000000
71 55.000000
72 55.000000
73 55.000000
74 55.000000
75 55.000000
76 55.000000
77 55.000000
78 55.000000
79 55.000000
80 55.000000
81 55.000000
82 55.000000
83 55.000000
84 55.000000
85 55.000000
86 55.000000
87 55.000000
88 55.000000
89 55.000000
90 55.000000
91 55.000000
92 55.000000
93 55.000000
94 55.000000
95 55.000000
96 55.000000
97 55.000000
98 55.000000
99 55.000000
