0 0.000000
1 0.000000
2 24.000000
3 24.000000
4 43.333333
5 45.000000
6 50.000000
7 50.000000
8 50.000000
9 50.000000
10 50.000000
11 50.000000
12 50.000000
13 50.000000
14 50.000000
15 50.000000
16 50.000000
17 53.333333
18 53.333333
19 53.333333
20 53.333333
21 53.333333
22 53.333333
23 53.333333
24 53.333333
25 55.000000
26 55.000000
27 55.000000
28 55.000000
29 55.000000
30 55.000000
31 55.000000
32 55.000000
33 55.000000
34 55.000000
35 55.000000
36 55.000000
37 55.000000
38 55.000000
39 55.000000
40 55.000000
41 55.000000
42 55.000000
43 55.000000
44 59.000000
45 59.000000
46 60.500000
47 65.000000
48 66.500000
49 66.500000
50 66.500000
51 66.500000
52 66.500000
53 66.500000
54 66.500000
55 66.500000
56 66.500000
57 66.500000
58 68.000000
59 68.000000
60 68.000000
61 68.000000
62 68.000000
63 68.000000
64 68.000000
65 68.000000
66 68.000000
67 68.000000
68 72.500000
69 72.500000
70 72.500000
71 72.500000
72 72.500000
73 72.500000
74 72.500000
75 72.500000
76 72.500000
77 72.500000
78 72.500000
79 72.500000
80 72.500000
81 72.500000
82 72.500000
83 72.500000
84 72.500000
85 72.500000
86 72.500000
87 72.500000
88 72.500000
89 72.500000
90 72.500000
91 72.500000
92 72.500000
93 72.500000
94 72.500000
95 72.500000
96 72.500000
97 72.500000
98 72.500000
99 72.500000
