0 120.000000
1 120.000000
2 120.000000
3 125.000000
4 125.833333
5 126.666667
6 139.000000
7 139.000000
8 139.000000
9 139.000000
10 140.000000
11 140.000000
12 140.000000
13 140.000000
14 140.000000
15 140.000000
16 140.000000
17 140.000000
18 140.000000
19 140.000000
20 183.000000
21 183.000000
22 183.000000
23 185.000000
24 185.000000
25 185.000000
26 185.000000
27 185.000000
28 185.000000
29 185.000000
30 185.000000
31 185.000000
32 185.000000
33 185.000000
34 185.000000
35 185.000000
36 185.000000
37 185.000000
38 185.000000
39 185.000000
40 185.000000
41 185.000000
42 185.000000
43 185.000000
44 185.000000
45 185.000000
46 185.000000
47 185.000000
48 185.000000
49 185.000000
50 185.000000
51 185.000000
52 185.000000
53 185.000000
54 185.000000
55 185.000000
56 185.000000
57 185.000000
58 185.000000
59 185.000000
60 185.000000
61 186.166667
62 186.166667
63 186.166667
64 186.166667
65 186.166667
66 186.166667
67 186.166667
68 186.166667
69 186.166667
70 186.166667
71 186.166667
72 186.166667
73 186.166667
74 186.166667
75 186.166667
76 186.166667
77 186.166667
78 186.166667
79 186.166667
80 186.166667
81 186.166667
82 186.166667
83 186.166667
84 186.166667
85 186.166667
86 188.333333
87 188.333333
88 188.333333
89 188.333333
90 188.333333
91 188.333333
92 188.333333
93 188.333333
94 188.333333
95 188.333333
96 188.333333
97 188.333333
98 188.333333
99 188.333333
