0 49.500000
1 49.500000
2 49.500000
3 49.500000
4 55.000000
5 55.000000
6 55.000000
7 65.000000
8 75.000000
9 75.000000
10 75.000000
11 95.500000
12 97.000000
13 97.000000
14 98.500000
15 100.000000
16 113.333333
17 113.333333
18 113.333333
19 113.333333
20 120.000000
21 120.000000
22 120.000000
23 120.000000
24 120.000000
25 120.000000
26 128.333333
27 133.500000
28 133.500000
29 133.500000
30 133.500000
31 135.000000
32 135.000000
33 135.000000
34 135.000000
35 135.000000
36 135.000000
37 135.000000
38 135.000000
39 135.000000
40 135.000000
41 135.000000
42 135.000000
43 135.000000
44 135.000000
45 135.000000
46 135.000000
47 135.000000
48 135.000000
49 135.000000
50 135.000000
51 135.000000
52 135.000000
53 135.000000
54 135.000000
55 135.000000
56 135.000000
57 135.000000
58 135.000000
59 135.000000
60 135.000000
61 135.000000
62 135.000000
63 135.000000
64 135.000000
65 135.000000
66 135.000000
67 135.000000
68 135.000000
69 135.000000
70 135.000000
71 135.000000
72 135.000000
73 135.000000
74 135.000000
75 135.000000
76 135.000000
77 135.000000
78 135.000000
79 135.000000
80 135.000000
81 135.000000
82 135.000000
83 135.000000
84 135.000000
85 135.000000
86 135.000000
87 135.000000
88 135.000000
89 135.000000
90 135.000000
91 135.000000
92 135.000000
93 135.000000
94 135.000000
95 135.000000
96 135.000000
97 135.000000
98 135.000000
99 135.000000
