0 0.000000
1 0.000000
2 0.000000
3 0.000000
4 0.000000
5 0.000000
6 0.000000
7 0.000000
8 0.000000
9 12.000000
10 15.000000
11 15.000000
12 15.000000
13 15.000000
14 15.000000
15 15.000000
16 15.000000
17 15.000000
18 15.000000
19 15.000000
20 15.000000
21 15.000000
22 15.000000
23 15.000000
24 15.000000
25 15.000000
26 15.000000
27 15.000000
28 15.000000
29 15.000000
30 15.000000
31 15.000000
32 15.000000
33 15.000000
34 15.000000
35 16.500000
36 16.500000
37 16.500000
38 16.500000
39 16.500000
40 16.500000
41 16.500000
42 16.500000
43 16.500000
44 16.500000
45 18.000000
46 18.000000
47 18.000000
48 18.000000
49 18.000000
50 18.000000
51 18.000000
52 18.000000
53 18.000000
54 18.000000
55 18.000000
56 18.000000
57 18.000000
58 18.000000
59 18.000000
60 18.000000
61 18.000000
62 18.000000
63 18.000000
64 18.000000
65 18.000000
66 18.000000
67 18.000000
68 18.000000
69 18.000000
70 18.000000
71 18.000000
72 18.000000
73 18.000000
74 18.000000
75 18.000000
76 18.000000
77 19.500000
78 19.500000
79 19.500000
80 19.500000
81 19.500000
82 19.500000
83 19.500000
84 19.500000
85 19.500000
86 19.500000
87 19.500000
88 19.500000
89 19.500000
90 19.500000
91 19.500000
92 19.500000
93 19.500000
94 19.500000
95 19.500000
96 19.500000
97 19.500000
98 19.500000
99 19.500000
