0 -100.000000
1 -100.000000
2 -100.000000
3 -100.000000
4 -95.500000
5 -95.500000
6 -30.000000
7 -30.000000
8 -30.000000
9 -20.000000
10 -20.000000
11 -20.000000
12 -20.000000
13 -20.000000
14 -20.000000
15 -20.000000
16 -20.000000
17 -20.000000
18 -20.000000
19 -20.000000
20 -20.000000
21 -20.000000
22 -20.000000
23 -20.000000
24 -20.000000
25 -20.000000
26 -20.000000
27 -6.666667
28 -6.666667
29 -6.666667
30 -6.666667
31 -6.666667
32 14.666667
33 14.666667
34 14.666667
35 14.666667
36 14.666667
37 14.666667
38 16.666667
39 16.666667
40 26.000000
41 26.000000
42 26.000000
43 26.000000
44 26.000000
45 26.000000
46 26.000000
47 26.000000
48 26.000000
49 26.000000
50 26.000000
51 26.000000
52 26.000000
53 26.000000
54 26.000000
55 26.000000
56 26.000000
57 26.000000
58 26.000000
59 26.000000
60 26.000000
61 26.000000
62 26.000000
63 26.000000
64 26.000000
65 26.000000
66 26.000000
67 26.000000
68 26.000000
69 26.000000
70 26.000000
71 26.000000
72 26.000000
73 26.000000
74 26.000000
75 26.000000
76 26.000000
77 26.000000
78 26.000000
79 26.000000
80 26.000000
81 26.000000
82 26.000000
83 26.000000
84 26.000000
85 26.000000
86 26.000000
87 26.000000
88 26.000000
89 26.000000
90 26.000000
91 26.000000
92 26.000000
93 26.000000
94 26.000000
95 26.000000
96 26.000000
97 26.000000
98 26.000000
99 26.000000
