0 -66.666667
1 -49.183333
2 -38.750000
3 -37.866667
4 -27.033333
5 -23.533333
6 -21.866667
7 -17.566667
8 -16.566667
9 -16.566667
10 -12.266667
11 -6.900000
12 -1.983333
13 5.583333
14 5.583333
15 5.583333
16 7.383333
17 8.033333
18 26.566667
19 45.050000
20 45.500000
21 49.100000
22 50.550000
23 50.550000
24 54.150000
25 54.150000
26 54.300000
27 55.650000
28 55.950000
29 57.950000
30 58.400000
31 58.400000
32 59.000000
33 59.000000
34 59.000000
35 59.000000
36 59.000000
37 59.000000
38 59.000000
39 59.150000
40 62.300000
41 62.300000
42 62.300000
43 66.800000
44 66.800000
45 67.800000
46 67.800000
47 67.800000
48 67.800000
49 67.800000
50 67.800000
51 67.800000
52 68.800000
53 68.966667
54 69.616667
55 69.616667
56 70.266667
57 73.166667
58 73.916667
59 73.916667
60 74.966667
61 77.200000
62 77.200000
63 77.200000
64 77.700000
65 77.700000
66 77.700000
67 77.700000
68 77.700000
69 78.833333
70 83.750000
71 86.350000
72 86.350000
73 86.700000
74 86.700000
75 86.700000
76 86.700000
77 89.466667
78 89.700000
79 89.816667
80 89.816667
81 89.816667
82 89.816667
83 89.816667
84 89.816667
85 89.816667
86 89.816667
87 89.933333
88 89.933333
89 89.933333
90 89.933333
91 89.933333
92 89.933333
93 89.933333
94 89.933333
95 90.883333
96 92.883333
97 92.883333
98 92.883333
99 93.883333
100 94.883333
101 97.850000
102 98.116667
103 98.116667
104 98.250000
105 98.250000
106 98.250000
107 98.250000
108 98.250000
109 98.250000
110 98.250000
111 98.250000
112 98.250000
113 98.250000
114 98.250000
115 98.250000
116 98.250000
117 98.250000
118 98.250000
119 98.250000
120 98.250000
121 98.250000
122 98.250000
123 98.250000
124 98.250000
125 98.250000
126 98.400000
127 102.750000
128 102.750000
129 102.750000
130 102.750000
131 102.750000
132 102.750000
133 102.750000
134 102.750000
135 102.750000
136 102.750000
137 102.750000
138 102.750000
139 102.750000
140 102.750000
141 102.750000
142 102.750000
143 102.750000
144 102.750000
145 102.750000
146 102.750000
147 102.883333
148 102.883333
149 102.883333
150 103.383333
151 103.383333
152 103.383333
153 103.383333
154 103.383333
155 103.383333
156 103.383333
157 103.383333
158 103.383333
159 103.383333
160 103.383333
161 103.383333
162 103.383333
163 103.383333
164 103.383333
165 103.383333
166 103.383333
167 103.383333
168 103.383333
169 103.383333
170 103.383333
171 103.383333
172 103.383333
173 103.383333
174 103.383333
175 103.383333
176 103.383333
177 105.383333
178 105.383333
179 105.383333
180 113.183333
181 113.183333
182 113.183333
183 113.183333
184 113.183333
185 113.183333
186 113.183333
187 113.183333
188 113.183333
189 113.183333
190 114.350000
191 114.350000
192 114.350000
193 114.350000
194 114.350000
195 114.350000
196 114.350000
197 114.350000
198 114.350000
199 114.350000
200 114.350000
201 114.350000
202 114.350000
203 114.350000
204 114.350000
205 114.350000
206 114.350000
207 114.350000
208 114.350000
209 114.350000
210 114.350000
211 114.350000
212 114.683333
213 114.683333
214 115.183333
215 115.183333
216 115.183333
217 115.183333
218 115.183333
219 115.183333
220 115.183333
221 115.183333
222 115.183333
223 115.183333
224 115.183333
225 115.183333
226 115.183333
227 115.183333
228 115.183333
229 115.183333
230 115.183333
231 115.183333
232 115.183333
233 115.183333
234 115.183333
235 115.183333
236 115.183333
237 115.183333
238 115.183333
239 115.183333
240 115.183333
241 115.183333
242 115.183333
243 115.183333
244 115.183333
245 115.183333
246 115.183333
247 115.183333
248 115.183333
249 115.183333
250 115.183333
251 115.183333
252 115.183333
253 115.183333
254 115.183333
255 115.183333
256 115.183333
257 115.316667
258 115.316667
259 115.316667
260 115.316667
261 115.316667
262 115.316667
263 115.550000
264 115.550000
265 115.550000
266 115.666667
267 115.666667
268 115.666667
269 115.666667
270 115.666667
271 115.900000
272 115.900000
273 115.900000
274 115.900000
275 115.900000
276 115.900000
277 115.900000
278 115.900000
279 115.900000
280 115.900000
281 115.900000
282 115.900000
283 115.900000
284 115.900000
285 115.900000
286 115.900000
287 118.433333
288 118.733333
289 120.866667
290 120.866667
291 120.866667
292 120.866667
293 120.866667
294 120.866667
295 120.866667
296 120.866667
297 120.866667
298 120.866667
299 120.866667
300 120.866667
301 120.866667
302 120.866667
303 120.866667
304 120.866667
305 120.866667
306 120.866667
307 120.866667
308 120.866667
309 120.866667
310 120.866667
311 120.866667
312 120.866667
313 121.266667
314 121.266667
315 121.266667
316 121.266667
317 121.266667
318 121.266667
319 121.700000
320 123.866667
321 123.866667
322 123.866667
323 123.866667
324 123.866667
325 123.866667
326 123.866667
327 123.866667
328 123.866667
329 123.866667
330 123.866667
331 124.366667
332 124.366667
333 124.366667
334 124.366667
335 124.366667
336 124.366667
337 124.366667
338 124.366667
339 124.366667
340 124.866667
341 124.866667
342 124.866667
343 124.866667
344 124.866667
345 124.866667
346 124.866667
347 124.866667
348 126.966667
349 126.966667
350 126.966667
351 128.966667
352 128.966667
353 128.966667
354 128.966667
355 128.966667
356 128.966667
357 128.966667
358 128.966667
359 128.966667
360 128.966667
361 128.966667
362 128.966667
363 128.966667
364 128.966667
365 128.966667
366 128.966667
367 128.966667
368 128.966667
369 128.966667
370 128.966667
371 128.966667
372 128.966667
373 128.966667
374 128.966667
375 128.966667
376 128.966667
377 128.966667
378 129.416667
379 129.416667
380 129.416667
381 129.416667
382 129.416667
383 129.416667
384 129.416667
385 129.416667
386 129.416667
387 129.416667
388 129.416667
389 129.416667
390 129.416667
391 129.416667
392 129.416667
393 129.416667
394 129.416667
395 129.416667
396 129.416667
397 129.416667
398 129.416667
399 130.316667
400 130.816667
401 130.816667
402 130.816667
403 130.816667
404 130.816667
405 130.816667
406 130.816667
407 130.816667
408 130.816667
409 130.816667
410 130.816667
411 131.816667
412 131.816667
413 131.816667
414 131.816667
415 131.816667
416 131.816667
417 131.816667
418 131.816667
419 131.816667
420 131.816667
421 131.816667
422 131.816667
423 131.816667
424 131.816667
425 131.816667
426 131.933333
427 134.733333
428 134.733333
429 134.733333
430 134.733333
431 134.733333
432 134.733333
433 134.733333
434 134.733333
435 134.733333
436 134.733333
437 134.733333
438 134.733333
439 134.733333
440 134.733333
441 134.733333
442 134.733333
443 134.733333
444 134.733333
445 134.733333
446 135.966667
447 135.966667
448 135.966667
449 135.966667
450 135.966667
451 135.966667
452 135.966667
453 135.966667
454 135.966667
455 135.966667
456 135.966667
457 135.966667
458 135.966667
459 135.966667
460 135.966667
461 135.966667
462 135.966667
463 135.966667
464 135.966667
465 135.966667
466 135.966667
467 136.183333
468 136.183333
469 136.183333
470 136.183333
471 136.183333
472 136.183333
473 136.183333
474 136.183333
475 136.183333
476 136.183333
477 136.183333
478 136.183333
479 136.183333
480 136.183333
481 136.183333
482 136.183333
483 136.183333
484 136.183333
485 136.183333
486 136.183333
487 136.183333
488 136.183333
489 136.183333
490 136.183333
491 136.183333
492 136.183333
493 136.183333
494 136.183333
495 136.183333
496 136.183333
497 136.183333
498 136.183333
499 136.783333
500 136.783333
501 136.783333
502 136.783333
503 136.783333
504 136.783333
505 136.783333
506 136.783333
507 136.783333
508 136.783333
509 136.783333
510 136.783333
511 136.783333
512 136.783333
513 136.783333
514 136.783333
515 136.783333
516 136.783333
517 136.783333
518 136.783333
519 136.783333
520 136.783333
521 136.783333
522 136.783333
523 136.783333
524 136.783333
525 136.783333
526 136.783333
527 136.783333
528 136.783333
529 136.783333
530 136.783333
531 136.783333
532 136.783333
533 136.783333
534 136.783333
535 136.783333
536 136.783333
537 136.783333
538 136.783333
539 136.783333
540 136.783333
541 136.783333
542 136.783333
543 136.783333
544 136.783333
545 136.783333
546 136.783333
547 136.783333
548 136.783333
549 136.783333
550 136.783333
551 136.783333
552 136.783333
553 136.783333
554 136.783333
555 136.783333
556 136.783333
557 136.783333
558 138.283333
559 138.283333
560 138.283333
561 138.283333
562 138.283333
563 138.283333
564 138.283333
565 138.283333
566 138.283333
567 138.283333
568 138.283333
569 138.283333
570 138.283333
571 138.283333
572 138.283333
573 138.283333
574 138.283333
575 138.283333
576 138.283333
577 138.283333
578 138.283333
579 138.283333
580 138.283333
581 138.283333
582 138.283333
583 138.283333
584 138.283333
585 138.283333
586 138.283333
587 138.283333
588 138.283333
589 138.283333
590 138.283333
591 138.283333
592 138.283333
593 138.283333
594 138.283333
595 138.283333
596 138.283333
597 138.283333
598 138.283333
599 138.283333
600 138.283333
601 138.283333
602 138.283333
603 138.283333
604 138.283333
605 138.283333
606 138.283333
607 138.283333
608 138.283333
609 138.283333
610 138.283333
611 138.283333
612 138.283333
613 138.283333
614 138.283333
615 138.283333
616 138.283333
617 138.283333
618 138.283333
619 138.283333
620 138.283333
621 138.283333
622 138.283333
623 138.283333
624 138.283333
625 138.283333
626 138.283333
627 138.283333
628 138.283333
629 138.283333
630 138.283333
631 138.283333
632 138.283333
633 138.283333
634 138.283333
635 138.283333
636 138.283333
637 138.283333
638 138.283333
639 138.283333
640 138.283333
641 138.283333
642 138.283333
643 138.283333
644 138.283333
645 138.283333
646 138.283333
647 138.283333
648 138.283333
649 138.283333
650 138.283333
651 138.283333
652 138.283333
653 138.283333
654 138.283333
655 138.283333
656 138.283333
657 138.283333
658 138.283333
659 138.283333
660 138.283333
661 138.283333
662 138.283333
663 138.283333
664 138.283333
665 138.283333
666 138.283333
667 138.283333
668 138.283333
669 138.283333
670 138.283333
671 138.283333
672 138.283333
673 138.283333
674 138.283333
675 138.283333
676 138.283333
677 138.283333
678 138.433333
679 138.433333
680 138.433333
681 138.433333
682 138.433333
683 138.433333
684 138.433333
685 138.433333
686 138.433333
687 138.433333
688 138.433333
689 138.433333
690 138.433333
691 138.433333
692 138.433333
693 138.433333
694 138.433333
695 138.433333
696 138.733333
697 138.733333
698 138.733333
699 138.733333
700 138.733333
701 139.333333
702 140.150000
703 140.150000
704 140.150000
705 140.150000
706 140.150000
707 140.150000
708 140.150000
709 140.150000
710 140.150000
711 140.150000
712 140.150000
713 140.150000
714 140.150000
715 140.150000
716 140.150000
717 140.483333
718 140.816667
719 140.816667
720 140.816667
721 140.816667
722 140.816667
723 140.816667
724 140.816667
725 140.816667
726 140.816667
727 140.816667
728 140.816667
729 140.816667
730 140.816667
731 140.816667
732 140.816667
733 140.816667
734 140.816667
735 140.816667
736 140.816667
737 140.816667
738 140.816667
739 140.816667
740 140.816667
741 140.816667
742 140.816667
743 140.816667
744 140.816667
745 140.816667
746 140.816667
747 140.816667
748 140.816667
749 140.816667
750 140.816667
751 140.816667
752 140.816667
753 140.816667
754 140.816667
755 140.816667
756 140.816667
757 140.816667
758 140.816667
759 140.816667
760 141.816667
761 141.816667
762 141.816667
763 141.816667
764 141.816667
765 141.816667
766 141.816667
767 141.816667
768 141.816667
769 141.816667
770 141.816667
771 141.816667
772 141.816667
773 141.966667
774 141.966667
775 141.966667
776 141.966667
777 141.966667
778 141.966667
779 141.966667
780 141.966667
781 141.966667
782 141.966667
783 141.966667
784 141.966667
785 141.966667
786 141.966667
787 141.966667
788 141.966667
789 141.966667
790 141.966667
791 142.116667
792 142.116667
793 142.116667
794 142.116667
795 142.116667
796 142.116667
797 142.116667
798 142.116667
799 142.116667
800 142.116667
801 142.116667
802 142.116667
803 142.116667
804 142.116667
805 142.116667
806 142.116667
807 142.116667
808 142.116667
809 142.116667
810 142.116667
811 142.116667
812 142.116667
813 142.116667
814 142.116667
815 142.116667
816 142.116667
817 142.116667
818 142.116667
819 142.116667
820 142.116667
821 142.116667
822 142.116667
823 142.116667
824 142.116667
825 142.116667
826 142.116667
827 142.116667
828 142.116667
829 142.116667
830 142.116667
831 142.116667
832 142.116667
833 142.116667
834 142.116667
835 142.116667
836 142.116667
837 142.116667
838 142.116667
839 142.116667
840 142.116667
841 142.116667
842 142.116667
843 142.116667
844 142.116667
845 142.116667
846 142.116667
847 142.116667
848 142.116667
849 142.116667
850 142.116667
851 142.116667
852 142.116667
853 142.116667
854 142.116667
855 142.116667
856 142.116667
857 142.116667
858 142.116667
859 142.116667
860 142.116667
861 142.116667
862 142.116667
863 142.116667
864 142.116667
865 142.116667
866 142.116667
867 142.116667
868 142.116667
869 142.116667
870 142.116667
871 142.116667
872 142.116667
873 142.116667
874 142.116667
875 142.116667
876 142.116667
877 142.116667
878 142.116667
879 142.116667
880 142.116667
881 142.116667
882 142.116667
883 142.116667
884 142.116667
885 142.116667
886 142.116667
887 142.116667
888 142.116667
889 142.116667
890 142.116667
891 142.116667
892 142.116667
893 142.116667
894 142.116667
895 142.116667
896 142.116667
897 142.116667
898 142.116667
899 142.116667
900 142.116667
901 142.116667
902 142.116667
903 142.116667
904 142.116667
905 142.116667
906 142.116667
907 142.116667
908 142.116667
909 142.116667
910 142.116667
911 142.116667
912 142.116667
913 142.116667
914 142.116667
915 142.116667
916 142.116667
917 142.116667
918 142.116667
919 142.116667
920 142.116667
921 142.116667
922 142.116667
923 142.116667
924 142.116667
925 142.716667
926 143.766667
927 143.766667
928 143.766667
929 144.883333
930 144.883333
931 144.883333
932 144.883333
933 144.883333
934 144.883333
935 144.883333
936 144.883333
937 144.883333
938 144.883333
939 144.883333
940 144.883333
941 144.883333
942 144.883333
943 144.883333
944 144.883333
945 144.883333
946 144.883333
947 144.883333
948 145.150000
949 145.150000
950 145.150000
951 145.150000
952 145.150000
953 145.150000
954 145.150000
955 145.150000
956 145.150000
957 145.150000
958 145.150000
959 145.150000
960 145.550000
961 145.550000
962 145.550000
963 145.550000
964 145.550000
965 145.550000
966 145.550000
967 145.550000
968 145.550000
969 145.550000
970 145.550000
971 145.550000
972 145.550000
973 145.550000
974 145.550000
975 145.550000
976 145.550000
977 145.550000
978 145.550000
979 145.550000
980 145.550000
981 145.550000
982 145.550000
983 145.550000
984 145.550000
985 145.550000
986 145.550000
987 145.550000
988 145.550000
989 145.550000
990 145.550000
991 145.550000
992 145.550000
993 145.550000
994 145.550000
995 145.550000
996 145.550000
997 145.550000
998 145.550000
999 145.550000
