0 -161.000000
1 -126.350000
2 -112.850000
3 -85.516667
4 -52.700000
5 -52.200000
6 -23.050000
7 -15.266667
8 -5.266667
9 -1.200000
10 -0.500000
11 7.500000
12 7.650000
13 12.650000
14 12.650000
15 12.800000
16 17.533333
17 21.650000
18 21.650000
19 23.150000
20 25.600000
21 25.700000
22 37.833333
23 37.833333
24 38.066667
25 41.183333
26 43.433333
27 43.433333
28 54.933333
29 54.933333
30 54.933333
31 54.933333
32 59.483333
33 59.616667
34 63.350000
35 63.350000
36 63.350000
37 63.650000
38 63.650000
39 63.650000
40 64.650000
41 64.650000
42 64.650000
43 64.650000
44 64.650000
45 64.650000
46 64.650000
47 64.650000
48 64.650000
49 64.650000
50 64.650000
51 64.650000
52 64.800000
53 66.816667
54 71.316667
55 71.316667
56 71.316667
57 71.316667
58 71.316667
59 71.316667
60 71.316667
61 71.316667
62 71.316667
63 72.816667
64 73.233333
65 73.233333
66 73.233333
67 73.233333
68 73.233333
69 73.233333
70 75.716667
71 75.916667
72 75.916667
73 76.683333
74 76.683333
75 76.850000
76 77.216667
77 77.216667
78 77.216667
79 77.216667
80 77.216667
81 77.216667
82 79.716667
83 79.716667
84 79.716667
85 79.716667
86 82.216667
87 82.216667
88 82.216667
89 82.216667
90 82.216667
91 82.216667
92 84.216667
93 84.216667
94 84.216667
95 84.216667
96 84.216667
97 84.216667
98 84.216667
99 84.216667
100 84.216667
101 87.066667
102 87.966667
103 88.716667
104 88.883333
105 88.883333
106 88.883333
107 88.883333
108 88.883333
109 89.216667
110 92.050000
111 92.050000
112 92.450000
113 92.450000
114 92.583333
115 92.716667
116 92.716667
117 92.716667
118 92.716667
119 92.716667
120 92.716667
121 92.716667
122 92.716667
123 92.716667
124 92.716667
125 92.716667
126 92.716667
127 92.716667
128 92.716667
129 92.716667
130 92.716667
131 92.716667
132 92.716667
133 92.716667
134 92.716667
135 92.716667
136 92.716667
137 92.716667
138 92.716667
139 92.716667
140 92.716667
141 92.716667
142 92.716667
143 92.716667
144 92.716667
145 92.716667
146 92.716667
147 92.716667
148 92.716667
149 92.716667
