0 -151.716667
1 -115.366667
2 -81.333333
3 -70.533333
4 -59.050000
5 -47.183333
6 -21.416667
7 -11.416667
8 5.450000
9 15.616667
10 17.600000
11 18.933333
12 23.766667
13 23.766667
14 29.933333
15 31.466667
16 32.500000
17 33.433333
18 33.433333
19 39.816667
20 40.200000
21 40.200000
22 40.200000
23 42.200000
24 45.300000
25 45.300000
26 45.300000
27 49.300000
28 49.300000
29 49.300000
30 49.300000
31 49.300000
32 49.300000
33 49.300000
34 49.300000
35 49.300000
36 49.300000
37 49.300000
38 49.300000
39 49.300000
40 49.800000
41 50.400000
42 53.300000
43 53.300000
44 53.300000
45 53.300000
46 53.300000
47 53.300000
48 53.300000
49 53.300000
50 56.700000
51 56.700000
52 56.700000
53 56.700000
54 56.700000
55 56.700000
56 57.200000
57 57.200000
58 57.200000
59 57.200000
60 57.200000
61 57.200000
62 57.200000
63 57.200000
64 58.450000
65 58.450000
66 61.700000
67 61.700000
68 61.700000
69 61.700000
70 72.033333
71 73.383333
72 76.083333
73 78.066667
74 79.400000
75 80.400000
76 80.516667
77 80.516667
78 80.550000
79 80.550000
80 83.166667
81 83.466667
82 84.466667
83 87.466667
84 87.466667
85 87.966667
86 88.766667
87 89.766667
88 89.766667
89 89.883333
90 89.883333
91 89.883333
92 89.883333
93 89.883333
94 89.883333
95 89.883333
96 89.883333
97 89.883333
98 89.883333
99 91.883333
100 91.883333
101 92.216667
102 96.716667
103 96.716667
104 96.716667
105 96.716667
106 96.716667
107 96.716667
108 96.716667
109 96.716667
110 96.950000
111 96.950000
112 96.950000
113 96.950000
114 96.950000
115 96.950000
116 96.950000
117 96.950000
118 96.950000
119 96.950000
120 96.950000
121 96.950000
122 96.950000
123 96.950000
124 96.950000
125 97.283333
126 97.283333
127 97.283333
128 97.283333
129 97.283333
130 99.983333
131 99.983333
132 99.983333
133 99.983333
134 100.150000
135 105.483333
136 105.483333
137 105.483333
138 105.483333
139 105.983333
140 105.983333
141 105.983333
142 105.983333
143 105.983333
144 105.983333
145 105.983333
146 105.983333
147 105.983333
148 105.983333
149 105.983333
