0 30 0 1 0 1 500 182.862350 118.340080 1 17
1 10 2 60 1 27 2400 493.049377 454.993347 0 23
2 30 0 90 24 19 900 198.722519 87.250130 0 18
3 20 1 30 14 13 500 478.867676 334.606628 1 21
4 30 4 30 12 19 1700 159.193909 438.868195 1 35
5 30 2 30 31 16 800 469.807404 43.388775 1 31
6 30 4 30 20 16 2000 160.011093 129.778732 0 47
7 20 4 30 28 20 400 109.048050 277.497681 1 47
8 10 0 60 20 12 900 249.248245 292.647400 1 27
9 30 0 60 18 12 1200 61.893211 258.896515 0 12
10 10 3 90 8 20 2800 393.508575 59.357159 0 49
11 30 1 60 23 14 800 405.512329 357.226685 0 18
12 30 4 30 11 16 1100 128.523666 8.183394 1 20
13 10 4 30 24 13 1500 98.145454 92.401939 1 34
14 10 0 30 14 20 1600 92.190918 48.841652 0 48
