0 20 2 1 0 1 400 280.487274 286.116577 0 17
1 10 2 60 12 11 600 424.114197 423.536194 1 23
2 30 3 60 18 16 2600 313.160217 362.534210 1 10
3 10 0 90 19 27 2500 141.865097 197.963272 0 18
4 30 1 60 40 14 2100 173.643219 233.588699 0 29
5 30 0 30 19 27 100 254.721817 409.267609 0 45
6 20 2 90 29 27 1100 90.054100 304.242371 0 25
7 10 4 30 34 29 1800 33.625637 184.215317 0 15
8 20 3 30 33 25 2000 182.102356 172.816452 0 25
9 10 2 60 35 26 300 243.351624 225.763550 0 30
10 20 0 30 31 17 1900 212.696136 261.985748 1 40
11 30 2 30 15 23 2300 160.907272 452.867493 1 11
12 10 1 90 37 18 1700 178.044907 103.952995 0 36
13 10 2 90 24 10 2100 472.206757 217.503906 0 48
14 30 1 90 14 29 700 366.358582 132.935089 1 13
15 30 3 90 30 19 1500 178.377731 299.261566 0 42
