0 30 4 1 0 1 100 407.147369 492.190948 0 23
1 30 1 90 5 13 2600 201.351624 97.916542 1 10
2 10 3 90 25 19 100 453.286133 445.521271 1 26
3 20 1 90 30 27 0 237.301819 278.224487 0 33
4 20 4 60 39 20 1400 461.475067 212.264847 1 20
5 20 2 90 18 17 2500 134.884399 135.857285 1 38
6 20 2 60 24 13 300 454.047028 488.516907 0 14
7 30 0 60 26 27 2500 196.686584 432.204681 0 28
8 10 2 60 33 22 2400 104.736061 425.442169 0 44
9 30 4 30 32 11 2700 149.657043 429.249542 0 44
10 30 4 30 23 10 1400 275.601257 293.957947 1 15
11 10 1 90 5 10 1700 4.384962 210.612091 0 14
