0 20 2 1 0 1 2200 47.010403 102.937485 1 49
1 20 1 30 7 26 300 405.847015 213.000031 1 12
2 30 0 90 23 10 1800 132.746475 265.783966 0 30
3 30 1 90 18 21 1000 361.593201 94.107727 1 30
4 20 3 60 33 21 2400 349.632538 309.100037 1 37
5 30 1 30 33 18 0 492.987823 29.049118 1 28
6 10 2 30 32 12 0 466.322968 443.583649 0 23
7 20 3 30 24 27 1700 134.123276 233.113113 1 27
8 10 4 60 40 18 1400 187.479462 75.852722 1 39
9 10 1 30 28 27 100 14.450747 21.125496 1 25
10 30 2 60 29 20 1400 202.064865 25.021420 1 37
11 30 1 90 23 26 2600 239.632767 388.710541 0 15
12 20 1 60 29 13 2000 42.180210 125.533401 1 43
