0 20 1 1 0 1 2200 28.704836 190.604843 0 16
1 20 2 30 11 12 1200 57.411274 50.882401 1 34
2 10 0 30 9 28 400 449.357635 120.650414 1 25
3 30 0 30 34 12 1200 144.367905 131.860214 0 29
4 10 4 30 7 29 300 364.156738 15.985655 0 14
5 10 1 60 40 25 1400 128.398529 42.394447 0 31
6 30 1 90 26 12 1800 280.717865 353.248352 0 29
7 30 1 90 8 19 2700 422.057037 4.364081 0 11
8 10 3 60 30 19 1900 325.389923 1.906872 1 49
9 20 3 60 22 22 1200 482.500824 52.351357 0 21
10 10 2 60 28 23 2900 428.231934 215.803574 1 28
11 10 3 30 34 19 300 118.183685 400.510864 0 21
12 30 2 60 15 27 2000 377.984344 470.198822 1 40
13 30 0 60 34 21 700 222.860016 387.283661 1 24
14 20 4 30 31 18 2800 394.353851 380.773560 1 14
15 30 2 90 30 24 300 20.159420 356.152435 1 44
16 10 0 60 36 17 2800 194.639618 72.207085 0 35
