0 30 0 1 0 1 2700 262.875732 374.898254 1 42
1 30 3 60 4 27 1600 77.385361 263.683746 0 40
2 10 3 60 26 24 500 133.634659 220.310822 0 16
3 10 1 30 30 12 500 180.144058 240.500519 1 46
4 30 2 30 10 10 2200 446.065338 452.441650 0 46
5 30 4 90 22 10 1800 158.949799 444.922577 0 42
6 10 0 60 14 12 2300 193.133011 494.069702 1 39
7 30 4 60 13 12 1400 377.060425 259.867554 0 17
8 30 0 30 13 27 2300 158.878143 475.005554 1 24
9 30 1 30 36 12 900 164.186768 228.809845 0 44
10 30 0 90 21 14 700 77.032661 20.984268 1 46
11 20 3 90 27 19 1800 360.473694 70.328552 1 17
12 10 3 30 33 29 1100 0.963176 262.643066 0 34
13 10 0 60 31 26 500 156.650131 179.132462 0 20
14 30 2 30 34 15 2500 498.231201 74.326164 0 32
15 20 1 90 24 17 2400 61.783546 76.607063 0 29
16 30 3 60 15 17 800 172.589142 469.663635 0 31
17 20 4 90 21 14 2500 183.922592 355.339111 1 21
18 10 4 90 26 25 2500 303.473907 229.598114 0 20
19 20 1 30 32 19 1800 310.215088 8.384461 0 27
