0 20 2 1 0 1 2400 116.850807 393.966095 1 43
1 20 2 30 2 19 2900 43.810474 72.116379 1 40
2 20 3 60 28 22 200 498.686157 391.776978 0 13
3 10 2 90 32 24 2800 21.131025 141.664169 0 16
4 20 2 30 32 19 2700 147.505051 369.175140 1 21
5 30 3 60 22 23 2400 427.240234 458.843292 1 29
6 20 0 90 28 25 100 400.538605 402.956299 1 14
7 20 3 60 31 18 2500 25.429464 456.078735 0 39
8 10 4 90 31 18 2400 49.914757 235.799179 1 36
9 10 2 90 14 17 400 101.642578 333.124298 1 26
10 20 3 30 30 11 0 426.310760 244.593094 1 20
