0 10 1 1 0 1 800 295.929291 9.257421 1 38
1 10 0 30 15 15 500 41.768242 343.932953 1 36
2 30 3 90 27 14 1900 25.272711 27.343098 0 15
3 10 2 90 10 24 500 121.248360 283.909332 0 21
4 10 2 90 27 28 1900 49.264664 360.934570 1 45
5 20 4 60 28 22 900 396.002319 446.098663 0 31
6 10 1 30 35 28 1100 467.996033 278.783508 0 31
7 30 2 60 28 11 1800 343.635620 376.115326 0 37
8 30 3 60 25 18 600 192.856567 106.461754 1 36
9 10 4 30 16 14 300 319.901581 173.518082 1 45
10 10 1 30 10 24 0 259.410706 371.653229 1 30
11 30 3 60 31 22 1400 429.090302 186.578491 1 17
12 30 4 60 21 12 2700 61.553444 302.249969 1 32
13 10 0 60 15 13 1400 272.852722 13.455164 1 12
