0 10 4 1 0 1 400 277.245605 345.108582 1 30
1 20 0 30 2 20 1800 440.584351 179.745193 1 30
2 30 2 30 20 14 1100 337.515198 131.422440 0 13
3 20 3 60 20 17 2000 401.895355 316.283630 1 27
4 10 0 60 14 21 400 57.280228 300.389862 0 32
5 30 3 30 17 13 0 253.568146 441.136261 0 35
6 20 1 60 8 24 1100 493.466797 424.940033 0 47
7 30 2 90 22 21 1500 105.179161 331.911072 1 40
8 10 2 30 20 13 2200 492.977264 116.674179 1 48
9 30 0 30 8 27 2600 261.649017 34.528496 0 29
10 20 2 60 23 23 2000 128.882034 367.552063 0 22
11 20 0 60 31 29 1000 225.257111 457.825653 0 32
12 30 2 30 24 29 2700 335.942200 320.085175 1 17
13 30 1 30 35 17 0 94.458565 77.025536 1 19
14 20 3 90 29 21 600 338.894928 165.456375 0 39
15 10 2 60 19 13 2600 246.820221 199.565567 1 42
16 10 0 30 24 26 2700 268.936981 475.605865 0 41
17 30 4 30 38 26 500 69.040909 227.324997 0 19
