0 10 2 1 0 1 800 56.294529 161.441940 1 15
1 20 1 30 11 19 2700 214.669724 29.742901 1 43
2 30 4 90 31 16 1500 306.617249 254.695770 1 43
3 20 2 60 29 15 200 133.562317 253.068924 1 26
4 10 1 90 10 11 1800 370.714752 202.410477 0 18
5 20 2 60 13 21 2400 327.929138 60.018177 0 48
6 20 2 30 18 17 1200 29.758703 447.271545 1 16
7 30 4 90 18 29 1500 195.774765 259.628357 1 40
8 10 4 60 41 16 1600 56.987015 218.000015 0 15
9 20 0 30 29 10 1200 289.989624 250.294449 0 17
10 10 2 30 5 23 500 194.860397 15.825979 0 33
11 20 2 90 34 26 2000 32.221279 349.328796 0 38
12 10 0 90 40 14 2800 32.357567 188.313293 1 14
13 30 2 90 21 12 600 172.203690 463.473480 1 18
14 10 4 90 16 28 2500 153.412766 59.897430 0 45
15 10 1 90 32 13 2700 402.789429 143.685623 1 24
16 10 3 60 11 16 100 241.611465 34.053349 1 27
17 10 3 60 26 29 2600 285.985504 322.618011 1 46
18 10 2 60 33 13 300 68.944298 418.875824 1 43
