0 92.500000
1 92.500000
2 92.500000
3 92.500000
4 92.500000
5 92.500000
6 92.500000
7 92.500000
8 92.500000
9 92.500000
10 92.500000
11 92.500000
12 92.500000
13 92.500000
14 92.500000
15 92.500000
16 92.500000
17 92.500000
18 92.500000
19 92.500000
20 92.500000
21 92.500000
22 92.500000
23 92.500000
24 92.500000
25 92.500000
26 92.500000
27 92.500000
28 92.500000
29 92.500000
30 92.500000
31 92.500000
32 92.500000
33 92.500000
34 92.500000
35 92.500000
36 92.500000
37 92.500000
38 92.500000
39 92.500000
40 92.500000
41 92.500000
42 92.500000
43 92.500000
44 92.500000
45 92.500000
46 92.500000
47 92.500000
48 92.500000
49 92.500000
50 92.500000
51 92.500000
52 92.500000
53 92.500000
54 92.500000
55 92.500000
56 92.500000
57 92.500000
58 92.500000
59 92.500000
60 92.500000
61 92.500000
62 92.500000
63 92.500000
64 92.500000
65 92.500000
66 92.500000
67 92.500000
68 92.500000
69 92.500000
70 92.500000
71 92.500000
72 92.500000
73 92.500000
74 92.500000
75 92.500000
76 92.500000
77 92.500000
78 92.500000
79 92.500000
80 92.500000
81 92.500000
82 92.500000
83 92.500000
84 92.500000
85 92.500000
86 92.500000
87 92.500000
88 92.500000
89 92.500000
90 92.500000
91 92.500000
92 92.500000
93 92.500000
94 92.500000
95 92.500000
96 92.500000
97 92.500000
98 92.500000
99 92.500000
100 92.500000
101 92.500000
102 92.500000
103 92.500000
104 92.500000
105 92.500000
106 92.500000
107 92.500000
108 92.500000
109 92.500000
110 92.500000
111 92.500000
112 92.500000
113 92.500000
114 92.500000
115 92.500000
116 92.500000
117 92.500000
118 92.500000
119 92.500000
120 92.500000
121 92.500000
122 92.500000
123 92.500000
124 92.500000
125 92.500000
126 92.500000
127 92.500000
128 92.500000
129 92.500000
130 92.500000
131 92.500000
132 92.500000
133 92.500000
134 92.500000
135 92.500000
136 92.500000
137 92.500000
138 92.500000
139 92.500000
140 92.500000
141 92.500000
142 92.500000
143 92.500000
144 92.500000
145 92.500000
146 92.500000
147 92.500000
148 92.500000
149 92.500000
150 92.500000
151 92.500000
152 92.500000
153 92.500000
154 92.500000
155 92.500000
156 92.500000
157 92.500000
158 92.500000
159 92.500000
160 92.500000
161 92.500000
162 92.500000
163 92.500000
164 92.500000
165 92.500000
166 92.500000
167 92.500000
168 92.500000
169 92.500000
170 92.500000
171 92.500000
172 92.500000
173 92.500000
174 92.500000
175 92.500000
176 92.500000
177 92.500000
178 92.500000
179 92.500000
180 92.500000
181 92.500000
182 92.500000
183 92.500000
184 92.500000
185 92.500000
186 92.500000
187 92.500000
188 92.500000
189 92.500000
190 92.500000
191 92.500000
192 92.500000
193 92.500000
194 92.500000
195 92.500000
196 92.500000
197 92.500000
198 92.500000
199 92.500000
