0 101.500000
1 101.500000
2 101.500000
3 101.500000
4 101.500000
5 101.500000
6 101.500000
7 101.500000
8 101.500000
9 101.500000
10 101.500000
11 101.500000
12 101.500000
13 101.500000
14 101.500000
15 101.500000
16 101.500000
17 101.500000
18 101.500000
19 101.500000
20 101.500000
21 101.500000
22 101.500000
23 101.500000
24 101.500000
25 101.500000
26 101.500000
27 101.500000
28 101.500000
29 101.500000
30 101.500000
31 101.500000
32 101.500000
33 101.500000
34 101.500000
35 101.500000
36 101.500000
37 101.500000
38 101.500000
39 101.500000
40 101.500000
41 101.500000
42 101.500000
43 101.500000
44 101.500000
45 101.500000
46 101.500000
47 101.500000
48 101.500000
49 101.500000
50 101.500000
51 101.500000
52 101.500000
53 101.500000
54 101.500000
55 101.500000
56 101.500000
57 101.500000
58 101.500000
59 101.500000
60 101.500000
61 101.500000
62 101.500000
63 101.500000
64 101.500000
65 101.500000
66 101.500000
67 101.500000
68 101.500000
69 101.500000
70 101.500000
71 101.500000
72 101.500000
73 101.500000
74 101.500000
75 101.500000
76 101.500000
77 101.500000
78 101.500000
79 101.500000
80 101.500000
81 101.500000
82 101.500000
83 101.500000
84 101.500000
85 101.500000
86 101.500000
87 101.500000
88 101.500000
89 101.500000
90 101.500000
91 101.500000
92 101.500000
93 101.500000
94 101.500000
95 101.500000
96 101.500000
97 101.500000
98 101.500000
99 101.500000
100 101.500000
101 101.500000
102 101.500000
103 101.500000
104 101.500000
105 101.500000
106 101.500000
107 101.500000
108 101.500000
109 101.500000
110 101.500000
111 101.500000
112 101.500000
113 101.500000
114 101.500000
115 101.500000
116 101.500000
117 101.500000
118 101.500000
119 101.500000
120 101.500000
121 101.500000
122 101.500000
123 101.500000
124 101.500000
125 101.500000
126 101.500000
127 101.500000
128 101.500000
129 101.500000
130 101.500000
131 101.500000
132 101.500000
133 101.500000
134 101.500000
135 101.500000
136 101.500000
137 101.500000
138 101.500000
139 101.500000
140 101.500000
141 101.500000
142 101.500000
143 101.500000
144 101.500000
145 101.500000
146 101.500000
147 101.500000
148 101.500000
149 101.500000
150 101.500000
151 101.500000
152 101.500000
153 101.500000
154 101.500000
155 101.500000
156 101.500000
157 101.500000
158 101.500000
159 101.500000
160 101.500000
161 101.500000
162 101.500000
163 101.500000
164 101.500000
165 101.500000
166 101.500000
167 101.500000
168 101.500000
169 101.500000
170 101.500000
171 101.500000
172 101.500000
173 101.500000
174 101.500000
175 101.500000
176 101.500000
177 101.500000
178 101.500000
179 101.500000
180 101.500000
181 101.500000
182 101.500000
183 101.500000
184 101.500000
185 101.500000
186 101.500000
187 101.500000
188 101.500000
189 101.500000
190 101.500000
191 101.500000
192 101.500000
193 101.500000
194 101.500000
195 101.500000
196 101.500000
197 101.500000
198 101.500000
199 101.500000
