0 -135.666667
1 -100.333333
2 -70.000000
3 -70.000000
4 -69.850000
5 -69.700000
6 -64.700000
7 -53.366667
8 -53.366667
9 -53.366667
10 -23.216667
11 -23.216667
12 -22.883333
13 -22.883333
14 -19.550000
15 -19.550000
16 -9.550000
17 -9.550000
18 -9.550000
19 -9.550000
20 -9.550000
21 -9.550000
22 -9.550000
23 -9.400000
24 -9.400000
25 -9.400000
26 -9.400000
27 -9.250000
28 -9.100000
29 -9.100000
30 -9.100000
31 -9.100000
32 0.450000
33 4.566667
34 4.566667
35 4.566667
36 4.566667
37 4.566667
38 4.566667
39 4.566667
40 4.566667
41 4.566667
42 4.566667
43 4.566667
44 4.566667
45 4.566667
46 4.566667
47 4.566667
48 4.566667
49 4.566667
50 4.566667
51 4.566667
52 4.566667
53 4.566667
54 4.566667
55 4.566667
56 4.566667
57 4.566667
58 4.566667
59 4.566667
60 4.566667
61 4.566667
62 4.566667
63 4.566667
64 4.566667
65 4.566667
66 4.566667
67 4.566667
68 4.566667
69 4.566667
70 4.566667
71 8.566667
72 8.566667
73 8.566667
74 8.566667
75 12.950000
76 14.350000
77 16.183333
78 16.666667
79 16.666667
80 19.450000
81 19.450000
82 19.450000
83 19.450000
84 19.600000
85 19.716667
86 19.750000
87 20.050000
88 20.050000
89 20.050000
90 20.050000
91 20.050000
92 20.200000
93 20.350000
94 20.350000
95 20.350000
96 20.350000
97 20.350000
98 20.350000
99 20.350000
100 20.350000
101 20.350000
102 20.350000
103 20.350000
104 22.450000
105 22.450000
106 22.450000
107 22.450000
108 22.450000
109 22.450000
110 22.450000
111 22.450000
112 22.450000
113 22.450000
114 22.450000
115 22.600000
116 22.600000
117 22.600000
118 22.600000
119 22.600000
120 22.600000
121 22.600000
122 22.600000
123 22.600000
124 22.600000
125 22.633333
126 22.633333
127 23.566667
128 23.566667
129 24.366667
130 24.366667
131 24.816667
132 24.816667
133 24.816667
134 24.816667
135 25.083333
136 25.266667
137 25.266667
138 25.266667
139 25.266667
140 25.900000
141 25.900000
142 25.900000
143 25.900000
144 25.900000
145 25.900000
146 25.900000
147 25.900000
148 25.900000
149 25.900000
150 25.900000
151 25.900000
152 25.900000
153 25.900000
154 25.900000
155 25.900000
156 25.900000
157 25.900000
158 25.900000
159 25.900000
160 25.900000
161 25.900000
162 25.900000
163 25.900000
164 25.900000
165 25.900000
166 25.900000
167 25.900000
168 25.900000
169 27.466667
170 27.466667
171 27.466667
172 27.466667
173 27.466667
174 27.466667
175 27.466667
176 27.466667
177 27.466667
178 27.466667
179 27.466667
180 27.466667
181 27.466667
182 27.466667
183 27.466667
184 27.466667
185 27.466667
186 27.466667
187 27.466667
188 27.466667
189 27.466667
190 27.466667
191 27.466667
192 27.466667
193 27.466667
194 27.466667
195 27.466667
196 27.583333
197 27.583333
198 27.583333
199 27.583333
