0 -163.733333
1 -147.883333
2 -141.733333
3 -120.900000
4 -118.300000
5 -114.916667
6 -94.300000
7 -92.700000
8 -73.933333
9 -70.650000
10 -61.166667
11 -59.466667
12 -56.350000
13 -55.050000
14 -50.533333
15 -42.116667
16 -33.683333
17 -28.600000
18 -28.050000
19 -25.433333
20 -23.150000
21 -23.150000
22 -18.200000
23 -16.483333
24 -16.016667
25 -15.533333
26 -13.550000
27 -7.883333
28 -7.533333
29 -4.600000
30 1.133333
31 6.483333
32 8.283333
33 9.483333
34 9.483333
35 9.483333
36 10.583333
37 24.050000
38 24.850000
39 25.466667
40 28.516667
41 28.683333
42 28.683333
43 29.683333
44 30.066667
45 32.783333
46 35.583333
47 36.500000
48 36.600000
49 37.533333
50 37.900000
51 43.483333
52 43.483333
53 43.716667
54 45.300000
55 45.516667
56 46.300000
57 46.450000
58 47.316667
59 47.333333
60 49.450000
61 49.450000
62 49.600000
63 51.616667
64 51.683333
65 54.800000
66 55.250000
67 55.250000
68 55.250000
69 55.250000
70 55.700000
71 55.700000
72 55.700000
73 55.700000
74 55.700000
75 55.816667
76 55.816667
77 55.816667
78 55.816667
79 55.816667
80 55.816667
81 55.816667
82 56.000000
83 56.116667
84 56.116667
85 56.116667
86 56.116667
87 56.266667
88 57.400000
89 57.400000
90 57.533333
91 57.533333
92 57.533333
93 57.533333
94 57.533333
95 57.533333
96 57.533333
97 58.950000
98 58.950000
99 58.950000
100 62.866667
101 62.866667
102 62.866667
103 62.866667
104 62.866667
105 62.866667
106 62.866667
107 66.583333
108 66.816667
109 67.450000
110 67.450000
111 67.450000
112 67.700000
113 67.700000
114 67.700000
115 67.700000
116 68.366667
117 68.566667
118 68.566667
119 68.566667
120 69.233333
121 70.766667
122 71.533333
123 71.533333
124 71.533333
125 71.533333
126 71.533333
127 71.533333
128 71.533333
129 71.533333
130 71.533333
131 71.683333
132 71.683333
133 71.683333
134 71.683333
135 71.683333
136 71.683333
137 71.683333
138 73.050000
139 73.050000
140 73.050000
141 73.050000
142 73.050000
143 73.050000
144 73.050000
145 73.050000
146 73.050000
147 75.600000
148 75.600000
149 75.600000
150 75.600000
151 75.600000
152 75.600000
153 75.750000
154 76.500000
155 76.500000
156 76.500000
157 76.500000
158 77.050000
159 77.050000
160 79.350000
161 79.350000
162 79.350000
163 79.350000
164 79.350000
165 79.350000
166 79.350000
167 79.350000
168 79.350000
169 79.350000
170 79.350000
171 79.350000
172 79.350000
173 79.633333
174 80.866667
175 80.866667
176 80.866667
177 80.866667
178 80.866667
179 81.533333
180 81.533333
181 81.533333
182 81.533333
183 81.533333
184 81.533333
185 81.950000
186 81.950000
187 81.950000
188 82.066667
189 82.066667
190 82.066667
191 82.066667
192 82.066667
193 82.066667
194 82.066667
195 82.066667
196 82.066667
197 82.066667
198 82.066667
199 82.066667
