0 -193.883333
1 -155.866667
2 -117.666667
3 -103.733333
4 -100.633333
5 -98.983333
6 -98.666667
7 -83.866667
8 -78.783333
9 -60.083333
10 -58.783333
11 -27.283333
12 -25.250000
13 -22.516667
14 -20.433333
15 -18.600000
16 -18.116667
17 7.583333
18 11.433333
19 12.366667
20 17.850000
21 18.950000
22 26.583333
23 30.100000
24 32.183333
25 33.466667
26 33.666667
27 34.066667
28 41.383333
29 44.216667
30 45.666667
31 45.916667
32 46.366667
33 46.633333
34 47.816667
35 47.816667
36 48.016667
37 49.233333
38 49.916667
39 51.633333
40 51.633333
41 52.333333
42 56.000000
43 56.000000
44 56.516667
45 56.883333
46 57.850000
47 58.533333
48 59.833333
49 60.733333
50 60.733333
51 60.883333
52 61.566667
53 61.566667
54 62.166667
55 62.316667
56 62.316667
57 62.316667
58 65.250000
59 65.900000
60 66.333333
61 66.466667
62 67.066667
63 67.533333
64 67.533333
65 67.533333
66 67.533333
67 67.533333
68 69.533333
69 69.533333
70 69.533333
71 71.366667
72 71.383333
73 71.383333
74 71.383333
75 71.383333
76 72.033333
77 73.716667
78 73.716667
79 73.716667
80 73.716667
81 73.716667
82 73.716667
83 73.716667
84 73.716667
85 74.550000
86 74.550000
87 74.550000
88 74.550000
89 74.866667
90 74.866667
91 74.866667
92 74.866667
93 74.866667
94 74.866667
95 74.866667
96 74.866667
97 74.866667
98 74.866667
99 74.866667
100 75.466667
101 75.466667
102 75.583333
103 76.050000
104 76.050000
105 76.050000
106 76.050000
107 76.050000
108 76.266667
109 76.266667
110 76.266667
111 76.266667
112 76.266667
113 76.266667
114 76.266667
115 76.266667
116 76.266667
117 76.266667
118 76.266667
119 76.266667
120 76.266667
121 76.266667
122 76.266667
123 76.266667
124 76.266667
125 76.266667
126 76.266667
127 76.266667
128 76.266667
129 76.550000
130 76.550000
131 76.550000
132 76.550000
133 76.550000
134 76.550000
135 76.550000
136 76.550000
137 76.550000
138 76.550000
139 76.550000
140 76.550000
141 76.550000
142 76.550000
143 76.550000
144 76.750000
145 76.750000
146 76.750000
147 78.050000
148 78.050000
149 78.266667
150 79.483333
151 79.483333
152 79.483333
153 80.383333
154 80.383333
155 80.383333
156 80.383333
157 80.466667
158 80.900000
159 80.900000
160 80.900000
161 80.900000
162 80.900000
163 80.900000
164 80.900000
165 80.900000
166 80.900000
167 80.900000
168 80.950000
169 80.950000
170 80.950000
171 80.950000
172 80.950000
173 80.950000
174 80.950000
175 80.950000
176 80.950000
177 80.950000
178 81.366667
179 81.366667
180 81.366667
181 81.366667
182 81.366667
183 81.366667
184 81.366667
185 81.366667
186 81.366667
187 81.366667
188 81.366667
189 81.366667
190 81.366667
191 81.433333
192 81.433333
193 81.433333
194 81.433333
195 81.433333
196 81.433333
197 81.433333
198 81.433333
199 81.433333
