0 -221.066667
1 -167.516667
2 -147.366667
3 -97.183333
4 -82.800000
5 -78.350000
6 -76.833333
7 -68.000000
8 -63.683333
9 -63.483333
10 -55.766667
11 -53.433333
12 -51.866667
13 -51.533333
14 -40.816667
15 -37.033333
16 -32.150000
17 -32.150000
18 -31.066667
19 -23.350000
20 -21.466667
21 -21.016667
22 -20.766667
23 -20.500000
24 -8.150000
25 -4.933333
26 -4.933333
27 -4.933333
28 -4.933333
29 -4.183333
30 -3.316667
31 2.466667
32 4.466667
33 5.116667
34 6.050000
35 6.583333
36 15.533333
37 15.533333
38 15.700000
39 15.700000
40 17.516667
41 19.016667
42 19.616667
43 19.616667
44 19.750000
45 20.016667
46 20.883333
47 21.150000
48 21.150000
49 21.283333
50 23.116667
51 23.250000
52 23.250000
53 23.650000
54 23.650000
55 23.650000
56 23.650000
57 23.916667
58 24.366667
59 24.500000
60 24.766667
61 24.966667
62 24.966667
63 24.966667
64 24.966667
65 27.033333
66 27.033333
67 27.033333
68 27.216667
69 29.400000
70 29.400000
71 29.400000
72 29.400000
73 31.416667
74 31.416667
75 32.416667
76 32.416667
77 32.633333
78 32.633333
79 32.633333
80 32.633333
81 32.633333
82 32.633333
83 32.633333
84 32.633333
85 33.700000
86 33.700000
87 33.700000
88 35.366667
89 35.500000
90 35.500000
91 35.966667
92 35.966667
93 35.966667
94 36.366667
95 36.366667
96 36.366667
97 37.183333
98 37.183333
99 37.183333
100 37.183333
101 37.183333
102 37.183333
103 37.316667
104 37.433333
105 37.433333
106 37.433333
107 37.433333
108 37.433333
109 37.433333
110 37.433333
111 37.433333
112 38.200000
113 38.200000
114 38.200000
115 38.200000
116 38.200000
117 38.200000
118 38.200000
119 38.200000
120 38.200000
121 38.200000
122 38.200000
123 38.316667
124 38.316667
125 38.716667
126 38.716667
127 38.716667
128 38.850000
129 38.850000
130 38.850000
131 38.850000
132 38.850000
133 38.850000
134 38.850000
135 38.850000
136 38.850000
137 38.983333
138 38.983333
139 38.983333
140 38.983333
141 38.983333
142 38.983333
143 38.983333
144 38.983333
145 38.983333
146 38.983333
147 40.033333
148 40.033333
149 40.033333
150 40.033333
151 40.033333
152 40.033333
153 40.033333
154 40.033333
155 40.033333
156 40.033333
157 40.033333
158 40.033333
159 40.033333
160 40.033333
161 40.033333
162 40.033333
163 40.033333
164 40.033333
165 40.033333
166 40.033333
167 40.033333
168 40.183333
169 40.183333
170 40.183333
171 40.183333
172 40.183333
173 40.183333
174 40.183333
175 40.183333
176 40.183333
177 40.183333
178 40.183333
179 40.183333
180 40.183333
181 40.183333
182 40.183333
183 40.183333
184 40.183333
185 40.183333
186 40.183333
187 40.183333
188 40.183333
189 40.183333
190 40.183333
191 40.183333
192 40.183333
193 40.183333
194 40.183333
195 40.183333
196 40.183333
197 40.183333
198 40.183333
199 40.183333
