0 -167.450000
1 -135.583333
2 -64.966667
3 -63.450000
4 -60.066667
5 -59.600000
6 -59.600000
7 -59.066667
8 -58.500000
9 -57.650000
10 -52.300000
11 -50.566667
12 -28.516667
13 -26.766667
14 -26.616667
15 -21.983333
16 -11.983333
17 -3.333333
18 -2.416667
19 -1.750000
20 3.200000
21 4.200000
22 4.533333
23 5.666667
24 7.233333
25 7.350000
26 7.350000
27 8.133333
28 10.400000
29 12.950000
30 13.616667
31 15.533333
32 15.750000
33 16.433333
34 17.083333
35 17.083333
36 19.216667
37 20.150000
38 20.150000
39 26.850000
40 26.850000
41 26.850000
42 29.216667
43 29.816667
44 30.000000
45 30.566667
46 30.566667
47 30.750000
48 30.966667
49 32.950000
50 35.550000
51 36.566667
52 37.666667
53 37.866667
54 37.866667
55 39.183333
56 39.183333
57 39.183333
58 39.183333
59 39.183333
60 39.183333
61 39.183333
62 39.183333
63 39.316667
64 39.316667
65 39.316667
66 39.316667
67 39.750000
68 39.750000
69 39.750000
70 39.750000
71 39.750000
72 40.900000
73 40.900000
74 40.900000
75 40.900000
76 40.900000
77 40.900000
78 40.900000
79 41.216667
80 41.216667
81 41.216667
82 41.316667
83 41.316667
84 41.650000
85 41.650000
86 41.650000
87 41.650000
88 41.650000
89 41.650000
90 41.983333
91 41.983333
92 41.983333
93 41.983333
94 42.133333
95 42.133333
96 42.133333
97 42.333333
98 43.383333
99 43.533333
100 43.766667
101 43.766667
102 45.700000
103 45.700000
104 45.700000
105 45.700000
106 45.700000
107 47.150000
108 47.150000
109 47.300000
110 47.483333
111 47.483333
112 47.483333
113 47.483333
114 47.483333
115 47.483333
116 47.483333
117 47.483333
118 47.483333
119 47.483333
120 47.833333
121 47.833333
122 47.983333
123 48.433333
124 48.583333
125 48.766667
126 48.766667
127 48.766667
128 48.766667
129 48.766667
130 48.766667
131 48.766667
132 48.766667
133 48.766667
134 48.766667
135 48.766667
136 48.766667
137 48.766667
138 48.766667
139 48.916667
140 48.916667
141 48.916667
142 48.916667
143 50.216667
144 50.216667
145 50.833333
146 50.833333
147 50.833333
148 50.833333
149 50.833333
150 50.833333
151 50.833333
152 50.966667
153 51.150000
154 51.150000
155 51.150000
156 51.150000
157 51.150000
158 51.150000
159 51.150000
160 51.150000
161 51.150000
162 51.300000
163 51.450000
164 51.450000
165 51.450000
166 51.450000
167 51.450000
168 51.450000
169 51.450000
170 51.450000
171 51.450000
172 51.450000
173 51.450000
174 51.450000
175 51.450000
176 51.450000
177 51.450000
178 51.800000
179 51.800000
180 51.950000
181 51.950000
182 51.950000
183 51.950000
184 51.950000
185 51.950000
186 51.950000
187 52.116667
188 52.116667
189 52.116667
190 52.650000
191 52.650000
192 52.650000
193 52.650000
194 52.650000
195 52.650000
196 52.650000
197 52.650000
198 52.650000
199 52.650000
