0 -137.333333
1 -104.333333
2 -101.333333
3 -101.000000
4 -90.333333
5 -70.666667
6 -70.000000
7 -69.283333
8 -69.283333
9 -69.283333
10 -68.766667
11 -60.083333
12 -59.033333
13 -35.516667
14 -34.183333
15 -34.183333
16 -27.100000
17 -27.100000
18 -26.100000
19 -15.766667
20 -15.433333
21 -15.433333
22 -7.766667
23 -7.766667
24 -2.083333
25 -2.083333
26 -1.750000
27 -1.750000
28 -1.416667
29 -1.083333
30 -1.083333
31 -0.700000
32 -0.366667
33 8.300000
34 8.966667
35 9.300000
36 9.300000
37 9.300000
38 9.300000
39 9.300000
40 9.300000
41 12.450000
42 12.450000
43 12.450000
44 12.450000
45 13.166667
46 13.166667
47 13.166667
48 13.166667
49 13.166667
50 13.166667
51 13.166667
52 13.166667
53 13.166667
54 13.166667
55 13.166667
56 13.316667
57 13.316667
58 13.316667
59 13.316667
60 13.316667
61 13.350000
62 13.350000
63 13.350000
64 13.350000
65 13.350000
66 13.350000
67 13.350000
68 13.350000
69 13.350000
70 13.350000
71 13.350000
72 13.350000
73 13.350000
74 13.350000
75 13.350000
76 13.350000
77 13.350000
78 13.350000
79 13.350000
80 13.350000
81 13.350000
82 13.350000
83 13.350000
84 13.350000
85 13.350000
86 13.483333
87 13.483333
88 13.483333
89 13.483333
90 13.483333
91 13.483333
92 13.483333
93 13.483333
94 13.483333
95 13.483333
96 13.783333
97 13.783333
98 13.783333
99 14.000000
100 14.000000
101 14.000000
102 14.000000
103 14.000000
104 14.000000
105 14.000000
106 14.000000
107 14.000000
108 14.000000
109 14.000000
110 14.133333
111 14.133333
112 14.133333
113 14.133333
114 14.133333
115 14.133333
116 14.133333
117 14.133333
118 14.133333
119 14.133333
120 14.133333
121 14.133333
122 14.133333
123 14.133333
124 14.133333
125 14.133333
126 14.133333
127 14.133333
128 14.133333
129 14.133333
130 15.983333
131 15.983333
132 15.983333
133 15.983333
134 15.983333
135 15.983333
136 16.133333
137 16.133333
138 16.133333
139 16.133333
140 16.133333
141 16.133333
142 17.100000
143 17.100000
144 17.100000
145 17.100000
146 17.100000
147 17.100000
148 17.100000
149 17.783333
150 17.783333
151 17.783333
152 17.783333
153 17.783333
154 17.783333
155 17.783333
156 17.783333
157 17.783333
158 17.783333
159 17.783333
160 17.783333
161 17.783333
162 17.783333
163 19.533333
164 19.533333
165 19.533333
166 19.533333
167 19.533333
168 19.533333
169 19.533333
170 19.533333
171 19.683333
172 19.683333
173 19.683333
174 19.683333
175 19.683333
176 19.683333
177 19.750000
178 19.750000
179 19.750000
180 19.750000
181 19.750000
182 19.750000
183 19.750000
184 19.883333
185 19.883333
186 19.883333
187 19.883333
188 19.883333
189 19.933333
190 19.933333
191 19.933333
192 19.933333
193 19.933333
194 19.933333
195 19.933333
196 19.933333
197 19.933333
198 21.233333
199 21.233333
