0 -94.933333
1 -91.683333
2 -87.850000
3 -78.983333
4 -55.416667
5 -51.866667
6 -48.416667
7 -41.616667
8 -40.366667
9 -27.100000
10 -26.050000
11 -24.033333
12 -24.033333
13 -4.033333
14 6.250000
15 6.416667
16 7.283333
17 9.566667
18 12.150000
19 13.350000
20 13.350000
21 13.733333
22 13.733333
23 15.566667
24 17.166667
25 17.166667
26 17.166667
27 17.166667
28 17.166667
29 18.366667
30 18.366667
31 18.366667
32 18.966667
33 18.966667
34 18.966667
35 19.183333
36 19.183333
37 22.500000
38 23.983333
39 24.516667
40 27.633333
41 27.633333
42 29.766667
43 29.766667
44 29.766667
45 29.766667
46 29.766667
47 29.766667
48 29.766667
49 29.766667
50 29.866667
51 32.133333
52 32.400000
53 32.466667
54 34.300000
55 35.333333
56 35.333333
57 37.366667
58 39.716667
59 39.716667
60 39.716667
61 39.716667
62 40.716667
63 42.933333
64 42.933333
65 42.933333
66 42.933333
67 43.133333
68 43.283333
69 43.583333
70 43.583333
71 43.583333
72 45.050000
73 45.050000
74 45.050000
75 45.050000
76 45.050000
77 46.116667
78 46.383333
79 47.050000
80 47.050000
81 47.050000
82 47.050000
83 47.050000
84 47.050000
85 47.050000
86 47.050000
87 49.166667
88 49.166667
89 49.433333
90 49.433333
91 49.433333
92 49.433333
93 50.483333
94 50.700000
95 50.700000
96 50.700000
97 50.700000
98 50.700000
99 50.700000
100 50.700000
101 50.700000
102 50.700000
103 50.700000
104 50.700000
105 50.700000
106 50.700000
107 50.700000
108 50.700000
109 50.700000
110 50.700000
111 50.700000
112 50.700000
113 50.700000
114 50.700000
115 50.700000
116 50.700000
117 50.700000
118 50.700000
119 50.700000
120 50.700000
121 50.700000
122 51.483333
123 51.483333
124 51.483333
125 51.483333
126 51.483333
127 51.483333
128 51.483333
129 51.483333
130 51.483333
131 51.483333
132 51.483333
133 51.700000
134 51.700000
135 51.700000
136 51.700000
137 51.700000
138 51.700000
139 51.700000
140 51.700000
141 51.700000
142 51.700000
143 51.700000
144 51.700000
145 51.700000
146 51.700000
147 51.700000
148 51.700000
149 52.200000
150 52.200000
151 52.200000
152 52.200000
153 52.200000
154 52.200000
155 52.200000
156 52.200000
157 52.200000
158 52.200000
159 52.200000
160 52.200000
161 52.200000
162 52.200000
163 52.200000
164 52.200000
165 52.200000
166 52.200000
167 52.200000
168 52.200000
169 52.200000
170 52.200000
171 52.200000
172 52.200000
173 52.200000
174 52.200000
175 52.200000
176 52.200000
177 52.350000
178 52.350000
179 52.350000
180 52.350000
181 52.350000
182 52.450000
183 52.450000
184 52.450000
185 52.450000
186 52.450000
187 52.633333
188 52.633333
189 52.633333
190 52.633333
191 52.633333
192 52.633333
193 52.633333
194 52.633333
195 52.633333
196 52.633333
197 52.633333
198 52.633333
199 52.916667
