0 -133.000000
1 -114.333333
2 -103.666667
3 -102.000000
4 -52.000000
5 -51.333333
6 -49.766667
7 -49.766667
8 -49.766667
9 -46.433333
10 -44.600000
11 -36.983333
12 -34.650000
13 -24.983333
14 -20.550000
15 -19.883333
16 -19.883333
17 -19.883333
18 -17.083333
19 2.250000
20 2.916667
21 2.916667
22 2.916667
23 2.916667
24 2.916667
25 2.916667
26 2.916667
27 2.916667
28 3.183333
29 7.066667
30 7.400000
31 7.400000
32 7.733333
33 7.733333
34 7.733333
35 7.733333
36 8.366667
37 8.366667
38 8.366667
39 8.366667
40 8.366667
41 8.533333
42 8.533333
43 8.533333
44 8.533333
45 8.533333
46 8.533333
47 8.533333
48 8.533333
49 8.533333
50 8.533333
51 8.533333
52 8.533333
53 8.533333
54 8.533333
55 8.533333
56 8.533333
57 8.533333
58 8.533333
59 8.533333
60 8.533333
61 8.533333
62 8.533333
63 8.533333
64 8.533333
65 8.533333
66 8.533333
67 8.533333
68 8.533333
69 8.533333
70 8.533333
71 8.533333
72 8.533333
73 8.533333
74 8.533333
75 8.533333
76 8.833333
77 8.833333
78 8.833333
79 8.833333
80 8.833333
81 8.833333
82 8.833333
83 8.833333
84 8.966667
85 8.966667
86 8.966667
87 8.966667
88 8.966667
89 8.966667
90 8.966667
91 8.966667
92 8.966667
93 8.966667
94 8.966667
95 8.966667
96 8.966667
97 8.966667
98 8.966667
99 8.966667
100 8.966667
101 8.966667
102 8.966667
103 8.966667
104 8.966667
105 8.966667
106 8.966667
107 8.966667
108 8.966667
109 8.966667
110 8.966667
111 8.966667
112 8.966667
113 8.966667
114 8.966667
115 8.966667
116 8.966667
117 8.966667
118 8.966667
119 8.966667
120 8.966667
121 8.966667
122 10.300000
123 10.300000
124 10.300000
125 10.300000
126 10.300000
127 10.300000
128 10.300000
129 10.300000
130 10.300000
131 10.300000
132 10.300000
133 10.300000
134 10.300000
135 10.300000
136 10.300000
137 10.300000
138 10.300000
139 10.300000
140 10.300000
141 10.300000
142 10.300000
143 10.300000
144 10.783333
145 10.783333
146 10.783333
147 10.783333
148 10.783333
149 10.783333
150 10.783333
151 10.783333
152 10.783333
153 10.783333
154 10.783333
155 10.783333
156 10.783333
157 10.783333
158 11.283333
159 11.283333
160 11.283333
161 11.283333
162 11.283333
163 11.283333
164 11.283333
165 11.283333
166 11.283333
167 11.283333
168 11.283333
169 11.283333
170 11.283333
171 11.283333
172 11.283333
173 11.450000
174 11.950000
175 11.950000
176 11.950000
177 11.950000
178 11.950000
179 11.950000
180 11.950000
181 11.950000
182 11.950000
183 11.950000
184 11.950000
185 11.950000
186 11.950000
187 11.950000
188 11.950000
189 11.950000
190 11.950000
191 11.950000
192 11.950000
193 11.950000
194 11.950000
195 11.950000
196 11.950000
197 11.950000
198 11.950000
199 11.950000
