0 -203.033333
1 -151.866667
2 -150.433333
3 -149.416667
4 -117.466667
5 -112.316667
6 -110.033333
7 -106.133333
8 -104.333333
9 -87.466667
10 -82.316667
11 -82.316667
12 -72.516667
13 -70.633333
14 -69.083333
15 -68.700000
16 -57.366667
17 -31.083333
18 -30.483333
19 -30.000000
20 -19.133333
21 -18.983333
22 -17.600000
23 -15.966667
24 -15.833333
25 0.933333
26 2.766667
27 3.633333
28 4.100000
29 4.100000
30 4.300000
31 4.316667
32 4.683333
33 5.050000
34 5.766667
35 5.766667
36 5.766667
37 5.766667
38 8.366667
39 8.366667
40 8.883333
41 8.883333
42 8.883333
43 8.883333
44 8.883333
45 8.883333
46 8.883333
47 8.883333
48 8.883333
49 9.116667
50 9.516667
51 10.416667
52 10.416667
53 10.416667
54 10.416667
55 10.566667
56 10.700000
57 10.700000
58 10.700000
59 10.700000
60 10.816667
61 10.833333
62 10.933333
63 10.933333
64 10.933333
65 11.400000
66 11.400000
67 15.683333
68 15.683333
69 15.683333
70 15.683333
71 15.683333
72 15.683333
73 15.683333
74 15.683333
75 20.183333
76 20.183333
77 20.183333
78 20.183333
79 20.933333
80 20.933333
81 20.933333
82 24.616667
83 24.616667
84 24.616667
85 24.616667
86 24.616667
87 24.616667
88 24.616667
89 24.616667
90 24.616667
91 25.733333
92 25.733333
93 25.733333
94 25.733333
95 25.733333
96 26.566667
97 26.566667
98 26.566667
99 26.566667
100 26.566667
101 26.566667
102 26.750000
103 26.750000
104 28.633333
105 28.783333
106 31.116667
107 33.750000
108 35.366667
109 35.366667
110 36.766667
111 37.866667
112 37.866667
113 38.016667
114 38.016667
115 38.016667
116 38.016667
117 38.016667
118 38.150000
119 38.150000
120 38.150000
121 38.816667
122 40.450000
123 41.000000
124 41.000000
125 41.000000
126 41.000000
127 41.000000
128 41.000000
129 41.000000
130 42.600000
131 42.600000
132 42.600000
133 42.600000
134 42.600000
135 42.600000
136 43.500000
137 43.500000
138 43.500000
139 43.500000
140 43.500000
141 43.500000
142 43.500000
143 43.500000
144 43.500000
145 43.500000
146 43.500000
147 43.500000
148 43.500000
149 43.633333
150 43.633333
151 43.633333
152 43.633333
153 43.633333
154 43.633333
155 43.633333
156 43.633333
157 43.633333
158 43.633333
159 43.633333
160 43.633333
161 43.633333
162 43.633333
163 43.633333
164 43.633333
165 43.633333
166 44.433333
167 44.916667
168 45.433333
169 45.433333
170 45.433333
171 45.433333
172 45.433333
173 45.433333
174 45.433333
175 45.733333
176 45.733333
177 45.883333
178 45.883333
179 45.883333
180 45.883333
181 45.883333
182 45.883333
183 45.883333
184 45.883333
185 45.883333
186 45.883333
187 45.883333
188 45.883333
189 45.883333
190 45.883333
191 45.883333
192 45.883333
193 45.883333
194 45.883333
195 45.883333
196 46.750000
197 46.883333
198 46.883333
199 46.883333
