0 -187.550000
1 -185.816667
2 -164.900000
3 -160.633333
4 -154.416667
5 -145.300000
6 -131.783333
7 -125.550000
8 -123.033333
9 -89.016667
10 -87.733333
11 -84.983333
12 -65.450000
13 -59.916667
14 -55.183333
15 -50.950000
16 -48.300000
17 -47.866667
18 -43.316667
19 -36.733333
20 -34.616667
21 -30.716667
22 -29.533333
23 -12.550000
24 -12.550000
25 -4.266667
26 -2.000000
27 -0.950000
28 2.383333
29 3.200000
30 5.550000
31 7.216667
32 8.516667
33 9.583333
34 10.583333
35 10.700000
36 10.700000
37 11.500000
38 12.150000
39 12.150000
40 12.150000
41 22.833333
42 25.333333
43 25.333333
44 25.433333
45 25.433333
46 29.933333
47 29.933333
48 29.933333
49 29.933333
50 29.933333
51 29.933333
52 30.200000
53 30.300000
54 30.300000
55 30.300000
56 30.300000
57 30.300000
58 33.450000
59 33.450000
60 33.450000
61 33.450000
62 33.450000
63 33.450000
64 33.450000
65 33.683333
66 33.683333
67 33.683333
68 33.833333
69 33.833333
70 33.833333
71 34.983333
72 35.783333
73 35.883333
74 35.916667
75 38.366667
76 38.516667
77 39.033333
78 39.033333
79 39.033333
80 40.750000
81 40.750000
82 40.900000
83 41.683333
84 42.733333
85 42.733333
86 42.733333
87 43.833333
88 43.833333
89 43.833333
90 44.500000
91 44.500000
92 44.500000
93 44.500000
94 44.500000
95 44.500000
96 46.900000
97 47.200000
98 47.200000
99 50.283333
100 50.283333
101 50.283333
102 50.433333
103 50.433333
104 50.433333
105 55.516667
106 55.516667
107 55.516667
108 55.516667
109 55.516667
110 55.533333
111 56.300000
112 56.300000
113 56.683333
114 56.683333
115 58.433333
116 58.583333
117 59.000000
118 59.000000
119 59.000000
120 59.100000
121 59.100000
122 59.100000
123 59.250000
124 59.250000
125 59.250000
126 59.250000
127 59.250000
128 59.250000
129 59.350000
130 59.350000
131 59.350000
132 59.350000
133 59.350000
134 59.350000
135 59.350000
136 59.350000
137 59.350000
138 59.350000
139 59.500000
140 59.500000
141 60.150000
142 60.150000
143 60.150000
144 60.150000
145 60.150000
146 60.150000
147 60.150000
148 60.150000
149 63.016667
150 63.200000
151 63.200000
152 63.200000
153 63.200000
154 63.416667
155 63.416667
156 63.416667
157 64.333333
158 64.333333
159 64.333333
160 64.333333
161 64.333333
162 64.333333
163 64.333333
164 64.333333
165 64.333333
166 64.850000
167 65.016667
168 65.016667
169 65.016667
170 65.916667
171 65.916667
172 65.933333
173 65.933333
174 65.933333
175 65.933333
176 65.933333
177 65.933333
178 65.933333
179 65.933333
180 65.933333
181 65.933333
182 65.933333
183 65.933333
184 65.933333
185 65.933333
186 65.933333
187 65.933333
188 65.933333
189 65.933333
190 65.933333
191 65.933333
192 65.933333
193 65.933333
194 65.933333
195 65.933333
196 65.933333
197 65.933333
198 65.933333
199 65.933333
