0 30 1 10 3 1 1300 496.515625 396.761871 0 100
1 30 3 60 40 60 500 36.829906 430.166260 0 200
2 30 3 60 40 40 2700 425.580688 44.778351 1 100
3 30 3 60 40 30 400 327.404114 214.753510 1 100
4 30 1 15 58 22 1200 27.158381 275.486572 0 60
5 30 1 60 20 25 500 361.413055 438.616577 0 70
6 10 1 30 32 19 2100 45.849663 372.826263 0 80
7 120 0 30 120 24 1300 444.252411 33.359966 1 500
8 10 1 30 36 17 2300 249.915161 407.311310 0 90
9 30 1 60 5 8 1600 336.549133 16.400290 0 80
10 20 4 90 72 100 1400 44.100651 83.185692 1 60
11 20 3 30 34 18 1400 27.345217 266.530579 0 40
12 20 3 90 67 100 2600 354.748810 283.932556 0 20
13 20 2 90 68 110 1500 183.678787 221.486572 1 30
14 10 2 90 65 80 1200 171.203918 330.334808 0 50
15 10 3 90 82 110 900 428.804169 14.488350 1 90
16 10 3 60 46 40 1500 484.423767 84.545662 0 90
17 30 2 30 30 13 1700 294.896820 499.774323 0 100
18 60 3 90 72 100 200 330.327911 265.545105 0 100
19 120 0 200 67 50 900 333.132019 416.380005 1 1000
20 30 3 30 36 17 2000 498.746368 176.987656 1 40
21 20 3 60 84 80 600 480.219757 436.011688 1 50
22 20 2 30 48 20 0 304.836060 260.833832 0 49
23 20 2 90 8 10 800 299.665527 112.839996 0 35
24 30 0 60 56 40 900 319.746002 387.005585 1 25
25 20 3 30 27 15 2000 7.146623 476.165436 1 50
26 30 4 60 70 60 1600 98.463478 11.581440 0 50
27 200 3 60 300 55 400 119.057480 415.988434 1 2000
28 10 4 90 76 95 1700 376.796112 245.920456 1 40
29 10 2 60 59 45 2400 110.621117 86.453705 1 45
