0 34.702608 135.491342 0 0 0
24 34.669219 135.501375 100000 0 0
21 34.683687 135.451212 100000 0 0
17 34.695905 135.521715 100000 0 0
13 34.665724 135.406624 100000 0 0
6 34.691325 135.491512 100000 0 0
26 34.734136 135.499744 100000 0 0
23 34.702249 135.501204 100000 0 0
1 34.705476 135.490161 100000 0 0
9 34.661718 135.496715 100000 0 0
28 34.702362 135.499905 100000 0 0
20 34.651166 135.508327 100000 0 0
4 34.692408 135.507897 100000 0 0
5 34.693144 135.506537 100000 0 0
2 34.696252 135.512688 100000 0 0
16 34.686577 135.526211 60 0 0
11 34.654557 135.428963 100000 0 0
14 34.669572 135.476282 100000 0 0
18 34.646176 135.513445 100000 0 0
22 34.697733 135.514250 100000 0 0
8 34.665119 135.503666 100000 0 0
25 34.688276 135.516482 100000 0 0
15 34.687453 135.525836 100000 0 0
19 34.652570 135.506263 100000 0 0
27 34.734666 135.503046 100000 0 0
3 34.710446 135.511295 100000 0 0
12 34.656533 135.430948 100000 0 0
10 34.667408 135.508742 100000 0 0
29 34.707030 135.497407 0 0 0
