0 34.702608 135.491342 0 1 68
9 34.661718 135.496715 3 0 0
19 34.652570 135.506263 31 0 0
12 34.656533 135.430948 95 0 0
12 34.656533 135.430948 95 0 0
35 34.735351 135.499876 98 0 0
7 34.669059 135.501254 102 0 0
29 34.707030 135.497407 105 0 0
36 34.710008 135.508434 109 0 0
43 34.704504 135.500874 112 0 0
15 34.687453 135.525836 116 0 0
40 34.696477 135.480893 120 0 0
22 34.697733 135.514250 123 0 0
16 34.686577 135.526211 127 0 0
14 34.669572 135.476282 130 0 0
38 34.704145 135.501851 134 0 0
41 34.727363 135.499157 137 0 0
48 34.675428 135.501904 141 0 0
37 34.702792 135.500424 144 0 0
11 34.654557 135.428963 148 0 0
47 34.703234 135.497784 151 0 0
34 34.741482 135.499546 155 0 0
4 34.692408 135.507897 158 0 0
18 34.646176 135.513445 162 0 0
46 34.680933 135.500187 165 0 0
5 34.693144 135.506537 169 0 0
3 34.710446 135.511295 172 0 0
51 18711897.000000 18711596.000000 176 0 0
