0 6.150000
1 10.890000
2 12.535000
3 15.170000
4 16.585000
5 21.490000
6 23.930000
7 25.820000
8 25.915000
9 27.710000
10 28.590000
11 29.515000
12 29.905000
13 30.685000
14 30.750000
15 31.510000
16 31.620000
17 31.620000
18 31.705000
19 31.705000
20 32.270000
21 32.290000
22 32.290000
23 32.290000
24 32.290000
25 32.290000
26 32.510000
27 32.510000
28 32.510000
29 32.675000
30 33.835000
31 33.835000
32 33.835000
33 34.135000
34 34.225000
35 34.225000
36 34.225000
37 34.345000
38 34.345000
39 34.355000
40 34.635000
41 34.635000
42 34.635000
43 34.635000
44 34.635000
45 34.635000
46 34.775000
47 34.775000
48 34.775000
49 34.775000
50 34.775000
51 34.995000
52 34.995000
53 34.995000
54 35.105000
55 35.105000
56 35.105000
57 35.105000
58 35.105000
59 35.105000
60 35.105000
61 35.105000
62 35.295000
63 35.295000
64 35.295000
65 35.295000
66 35.295000
67 35.295000
68 35.295000
69 35.295000
70 35.295000
71 35.295000
72 35.295000
73 35.295000
74 35.295000
75 35.295000
76 35.295000
77 35.295000
78 35.295000
79 35.395000
80 35.395000
81 35.395000
82 35.395000
83 35.395000
84 35.395000
85 35.395000
86 35.395000
87 35.560000
88 35.560000
89 35.560000
90 35.560000
91 35.560000
92 35.560000
93 35.560000
94 35.560000
95 35.560000
96 35.560000
97 35.560000
98 35.560000
99 35.560000
19.500000 -80.000000 0.925000 10.812244
