0 209.120000
1 231.615000
2 241.305000
3 250.020000
4 250.540000
5 254.120000
6 256.950000
7 264.060000
8 265.810000
9 270.905000
10 273.135000
11 279.170000
12 281.310000
13 284.065000
14 285.330000
15 287.955000
16 287.955000
17 288.045000
18 290.465000
19 296.295000
20 297.290000
21 298.295000
22 299.615000
23 302.695000
24 303.755000
25 306.260000
26 307.900000
27 307.900000
28 308.030000
29 309.440000
30 318.800000
31 321.045000
32 321.785000
33 323.715000
34 324.575000
35 328.765000
36 328.765000
37 328.765000
38 330.280000
39 330.630000
40 331.335000
41 333.360000
42 333.840000
43 334.245000
44 334.245000
45 334.245000
46 335.250000
47 335.350000
48 337.225000
49 338.510000
50 339.110000
51 339.110000
52 340.340000
53 340.340000
54 340.340000
55 341.095000
56 341.095000
57 341.095000
58 341.095000
59 341.095000
60 342.590000
61 342.590000
62 342.590000
63 342.590000
64 342.850000
65 343.450000
66 343.920000
67 346.125000
68 346.125000
69 346.125000
70 346.125000
71 346.125000
72 346.520000
73 347.045000
74 347.045000
75 347.165000
76 348.440000
77 348.530000
78 348.530000
79 348.530000
80 348.530000
81 348.560000
82 348.640000
83 348.640000
84 348.640000
85 348.890000
86 348.890000
87 348.890000
88 349.175000
89 349.175000
90 349.210000
91 349.210000
92 350.145000
93 350.145000
94 350.145000
95 350.145000
96 350.145000
97 350.145000
98 350.145000
99 350.145000
396.500000 -80.000000 290.905000
