0 50.000000
1 65.000000
2 65.000000
3 70.000000
4 70.000000
5 70.000000
6 70.000000
7 70.000000
8 70.000000
9 70.000000
10 70.000000
11 70.000000
12 70.000000
13 70.000000
14 70.000000
15 70.000000
16 70.000000
17 70.000000
18 70.000000
19 70.000000
20 70.000000
21 70.000000
22 70.000000
23 70.000000
24 70.000000
25 108.500000
26 108.500000
27 108.500000
28 108.500000
29 108.500000
30 110.000000
31 110.000000
32 110.000000
33 110.000000
34 110.000000
35 110.000000
36 110.000000
37 110.000000
38 110.000000
39 110.000000
40 110.000000
41 110.000000
42 110.000000
43 110.000000
44 112.333333
45 112.333333
46 112.333333
47 112.333333
48 112.333333
49 112.333333
50 112.333333
51 112.333333
52 245.000000
53 245.000000
54 245.000000
55 245.000000
56 245.000000
57 245.000000
58 245.000000
59 245.000000
60 245.000000
61 245.000000
62 245.000000
63 245.000000
64 245.000000
65 245.000000
66 245.000000
67 245.000000
68 245.000000
69 245.000000
70 245.000000
71 245.000000
72 245.000000
73 245.000000
74 245.000000
75 245.000000
76 245.000000
77 245.000000
78 245.000000
79 245.000000
80 245.000000
81 245.000000
82 245.000000
83 245.000000
84 245.000000
85 245.000000
86 245.000000
87 245.000000
88 245.000000
89 245.000000
90 245.000000
91 245.000000
92 245.000000
93 245.000000
94 245.000000
95 245.000000
96 245.000000
97 245.000000
98 245.000000
99 245.000000
100 245.000000
101 245.000000
102 245.000000
103 245.000000
104 245.000000
105 245.000000
106 245.000000
107 245.000000
108 245.000000
109 245.000000
110 245.000000
111 245.000000
112 245.000000
113 245.000000
114 245.000000
115 245.000000
116 245.000000
117 245.000000
118 245.000000
119 245.000000
120 245.000000
121 245.000000
122 245.000000
123 245.000000
124 245.000000
125 245.000000
126 245.000000
127 245.000000
128 245.000000
129 245.000000
130 245.000000
131 245.000000
132 245.000000
133 245.000000
134 245.000000
135 245.000000
136 245.000000
137 245.000000
138 245.000000
139 245.000000
140 245.000000
141 245.000000
142 245.000000
143 245.000000
144 245.000000
145 245.000000
146 245.000000
147 245.000000
148 245.000000
149 245.000000
150 245.000000
151 245.000000
152 245.000000
153 245.000000
154 245.000000
155 245.000000
156 245.000000
157 245.000000
158 245.000000
159 245.000000
160 245.000000
161 245.000000
162 245.000000
163 245.000000
164 245.000000
165 245.000000
166 245.000000
167 245.000000
168 245.000000
169 245.000000
170 245.000000
171 245.000000
172 245.000000
173 245.000000
174 245.000000
175 245.000000
176 245.000000
177 245.000000
178 245.000000
179 245.000000
180 245.000000
181 245.000000
182 245.000000
183 245.000000
184 245.000000
185 245.000000
186 245.000000
187 245.000000
188 245.000000
189 245.000000
190 245.000000
191 245.000000
192 245.000000
193 245.000000
194 245.000000
195 245.000000
196 245.000000
197 245.000000
198 245.000000
199 245.000000
