0 39.586667
1 45.490000
2 47.945000
3 49.415000
4 51.601667
5 53.900000
6 55.195000
7 55.718333
8 56.633333
9 57.151667
10 58.578333
11 60.886667
12 61.525000
13 62.330000
14 63.635000
15 65.116667
16 66.178333
17 66.423333
18 66.825000
19 68.071667
20 68.490000
21 69.241667
22 69.940000
23 70.643333
24 70.660000
25 72.045000
26 72.731667
27 72.865000
28 73.078333
29 74.620000
30 74.786667
31 75.158333
32 75.555000
33 75.705000
34 76.078333
35 76.078333
36 76.270000
37 76.480000
38 76.503333
39 76.740000
40 76.995000
41 77.388333
42 77.538333
43 77.538333
44 77.538333
45 77.675000
46 77.738333
47 77.740000
48 77.740000
49 77.815000
50 77.888333
51 78.010000
52 78.180000
53 78.356667
54 78.398333
55 78.416667
56 78.416667
57 78.416667
58 78.446667
59 78.446667
60 78.446667
61 78.496667
62 78.591667
63 78.855000
64 78.855000
65 78.925000
66 79.075000
67 79.136667
68 79.610000
69 79.671667
70 79.680000
71 80.603333
72 80.603333
73 80.603333
74 80.603333
75 80.698333
76 80.851667
77 80.861667
78 80.861667
79 81.171667
80 81.340000
81 81.411667
82 81.411667
83 81.513333
84 81.583333
85 81.646667
86 81.646667
87 81.646667
88 81.646667
89 81.646667
90 81.715000
91 81.715000
92 81.743333
93 81.776667
94 81.785000
95 81.785000
96 82.160000
97 82.160000
98 82.403333
99 82.413333
102.333333 -86.666667 47.313333 11.346556
