0 148.773333
1 199.098333
2 268.398333
3 327.295000
4 398.311667
5 423.526667
6 439.015000
7 463.665000
8 474.726667
9 480.385000
10 488.738333
11 505.516667
12 513.908333
13 521.728333
14 532.130000
15 540.865000
16 543.428333
17 553.081667
18 554.931667
19 557.380000
20 560.375000
21 563.335000
22 565.136667
23 569.555000
24 573.080000
25 575.095000
26 576.010000
27 577.673333
28 580.130000
29 580.990000
30 582.698333
31 582.728333
32 582.936667
33 586.991667
34 589.555000
35 590.206667
36 590.265000
37 590.548333
38 590.548333
39 591.998333
40 592.421667
41 593.311667
42 593.311667
43 593.311667
44 593.311667
45 593.311667
46 593.311667
47 593.311667
48 598.096667
49 598.096667
50 598.096667
51 598.096667
52 598.096667
53 598.096667
54 598.096667
55 598.320000
56 598.575000
57 599.718333
58 600.605000
59 600.605000
60 601.530000
61 601.530000
62 601.530000
63 601.651667
64 601.651667
65 601.651667
66 601.651667
67 601.651667
68 601.851667
69 601.851667
70 601.851667
71 601.851667
72 602.328333
73 602.686667
74 602.686667
75 602.686667
76 602.686667
77 602.686667
78 602.686667
79 602.686667
80 603.758333
81 603.758333
82 603.758333
83 603.758333
84 604.801667
85 604.801667
86 604.801667
87 604.801667
88 604.820000
89 604.820000
90 604.820000
91 605.311667
92 605.311667
93 605.311667
94 605.311667
95 605.311667
96 605.311667
97 605.311667
98 605.311667
99 605.311667
461.666667 -98.166667 567.000000 38.177319 26.992967
