0 174.083333
1 184.483333
2 194.233333
3 194.233333
4 194.233333
5 204.366667
6 204.366667
7 210.816667
8 211.150000
9 213.983333
10 213.983333
11 215.166667
12 218.383333
13 218.383333
14 224.583333
15 227.450000
16 233.066667
17 233.716667
18 233.716667
19 233.716667
20 234.283333
21 235.633333
22 235.633333
23 237.100000
24 241.533333
25 241.566667
26 241.566667
27 244.266667
28 245.733333
29 247.666667
30 247.666667
31 247.666667
32 247.666667
33 247.666667
34 247.666667
35 251.666667
36 251.666667
37 253.300000
38 254.733333
39 254.733333
40 254.733333
41 254.733333
42 254.733333
43 254.850000
44 258.650000
45 258.650000
46 258.650000
47 259.800000
48 266.650000
49 266.650000
50 266.650000
51 266.650000
52 266.650000
53 266.650000
54 266.650000
55 266.650000
56 266.650000
57 266.650000
58 266.650000
59 266.650000
60 266.650000
61 266.650000
62 266.650000
63 266.650000
64 266.650000
65 266.650000
66 266.650000
67 266.650000
68 266.650000
69 266.650000
70 266.650000
71 266.650000
72 266.650000
73 266.650000
74 266.650000
75 266.650000
76 266.650000
77 266.650000
78 266.650000
79 266.650000
80 266.650000
81 266.650000
82 266.650000
83 266.650000
84 268.700000
85 268.933333
86 268.933333
87 268.933333
88 268.933333
89 268.933333
90 268.933333
91 268.933333
92 268.933333
93 271.350000
94 271.350000
95 271.350000
96 271.350000
97 271.350000
98 271.350000
99 271.350000
330.000000 -66.666667 235.566667 17.088268
