0 107.473333
1 121.170000
2 126.800000
3 129.010000
4 135.556667
5 140.823333
6 142.300000
7 143.041667
8 145.563333
9 146.485000
10 148.158333
11 150.836667
12 151.120000
13 151.270000
14 152.795000
15 154.120000
16 155.520000
17 156.763333
18 156.868333
19 157.205000
20 159.028333
21 159.236667
22 160.430000
23 161.360000
24 162.973333
25 163.135000
26 165.333333
27 166.111667
28 166.173333
29 167.751667
30 167.831667
31 169.766667
32 169.846667
33 170.575000
34 170.766667
35 170.855000
36 170.930000
37 171.650000
38 171.650000
39 171.650000
40 172.000000
41 172.225000
42 172.260000
43 172.321667
44 172.561667
45 172.561667
46 172.745000
47 173.245000
48 173.706667
49 174.055000
50 174.055000
51 174.508333
52 174.603333
53 174.745000
54 174.886667
55 175.211667
56 175.825000
57 175.926667
58 176.030000
59 176.066667
60 176.781667
61 177.145000
62 177.180000
63 178.005000
64 178.146667
65 178.836667
66 178.836667
67 178.875000
68 178.988333
69 179.086667
70 179.128333
71 179.416667
72 179.433333
73 179.491667
74 179.491667
75 179.748333
76 179.851667
77 179.885000
78 179.885000
79 179.935000
80 179.993333
81 180.041667
82 180.120000
83 180.391667
84 180.391667
85 180.796667
86 180.796667
87 181.183333
88 181.245000
89 181.953333
90 182.270000
91 182.718333
92 182.736667
93 182.815000
94 182.815000
95 183.118333
96 183.260000
97 183.680000
98 183.680000
99 183.680000
209.333333 -30.666667 158.923333 26.022214 25.863567
