0 121.666667
1 121.666667
2 121.666667
3 147.333333
4 147.333333
5 147.333333
6 155.333333
7 157.333333
8 166.666667
9 166.666667
10 167.166667
11 167.333333
12 177.333333
13 177.333333
14 179.333333
15 179.333333
16 196.500000
17 196.500000
18 196.500000
19 196.500000
20 196.500000
21 196.500000
22 196.500000
23 196.500000
24 196.500000
25 196.500000
26 196.500000
27 196.500000
28 200.333333
29 200.333333
30 200.333333
31 200.333333
32 200.333333
33 200.333333
34 200.333333
35 200.333333
36 200.333333
37 200.333333
38 200.333333
39 200.333333
40 200.333333
41 200.333333
42 200.333333
43 200.333333
44 200.333333
45 200.333333
46 200.333333
47 200.333333
48 200.333333
49 200.333333
50 200.333333
51 200.333333
52 200.333333
53 200.333333
54 200.333333
55 200.333333
56 200.333333
57 200.333333
58 200.333333
59 200.333333
60 200.333333
61 200.333333
62 200.333333
63 200.333333
64 200.333333
65 200.333333
66 200.333333
67 200.333333
68 200.333333
69 200.333333
70 200.333333
71 204.166667
72 204.166667
73 204.166667
74 204.166667
75 205.833333
76 205.833333
77 205.833333
78 214.333333
79 214.333333
80 214.333333
81 214.333333
82 214.333333
83 214.333333
84 214.333333
85 214.333333
86 214.333333
87 214.333333
88 214.333333
89 216.166667
90 232.166667
91 232.166667
92 232.166667
93 232.166667
94 232.166667
95 232.166667
96 232.166667
97 232.166667
98 232.166667
99 232.166667
100 232.166667
101 232.166667
102 232.166667
103 232.166667
104 232.166667
105 232.166667
106 232.166667
107 232.166667
108 232.166667
109 232.166667
110 232.166667
111 232.166667
112 232.166667
113 232.166667
114 232.166667
115 232.166667
116 232.166667
117 232.166667
118 232.166667
119 232.166667
120 232.166667
121 232.166667
122 232.166667
123 232.166667
124 232.166667
125 232.166667
126 232.166667
127 232.166667
128 232.166667
129 232.166667
130 232.166667
131 232.166667
132 232.166667
133 232.166667
134 232.166667
135 232.166667
136 232.166667
137 232.166667
138 232.166667
139 232.166667
140 232.166667
141 232.166667
142 232.166667
143 232.166667
144 232.166667
145 232.166667
146 232.166667
147 232.166667
148 232.166667
149 232.166667
150 232.166667
151 232.166667
152 232.166667
153 232.166667
154 232.166667
155 232.166667
156 232.166667
157 232.166667
158 232.166667
159 232.166667
160 232.166667
161 232.166667
162 232.166667
163 232.166667
164 232.166667
165 232.166667
166 232.166667
167 232.166667
168 232.166667
169 232.166667
170 232.166667
171 232.166667
172 232.166667
173 232.166667
174 232.166667
175 232.166667
176 232.166667
177 232.166667
178 232.166667
179 232.166667
180 232.166667
181 232.166667
182 232.166667
183 232.166667
184 232.166667
185 232.166667
186 232.166667
187 232.166667
188 232.166667
189 232.166667
190 232.166667
191 232.166667
192 232.166667
193 232.166667
194 232.166667
195 232.166667
196 232.166667
197 232.166667
198 232.166667
199 232.166667
