0 0.000000
1 0.000000
2 0.000000
3 0.000000
4 0.000000
5 0.000000
6 0.000000
7 0.000000
8 0.000000
9 0.000000
10 0.000000
11 0.000000
12 0.000000
13 0.000000
14 0.000000
15 0.000000
16 0.000000
17 0.000000
18 0.000000
19 0.000000
20 0.000000
21 0.000000
22 0.000000
23 0.000000
24 0.000000
25 0.000000
26 0.000000
27 0.000000
28 0.000000
29 0.000000
30 0.000000
31 0.000000
32 0.000000
33 0.000000
34 0.000000
35 37.500000
36 37.500000
37 37.500000
38 37.500000
39 37.500000
40 37.500000
41 37.500000
42 37.500000
43 37.500000
44 37.500000
45 37.500000
46 39.833333
47 39.833333
48 39.833333
49 39.833333
50 39.833333
51 39.833333
52 39.833333
53 39.833333
54 39.833333
55 39.833333
56 39.833333
57 39.833333
58 39.833333
59 39.833333
60 39.833333
61 39.833333
62 39.833333
63 39.833333
64 39.833333
65 39.833333
66 39.833333
67 39.833333
68 39.833333
69 39.833333
70 39.833333
71 39.833333
72 39.833333
73 39.833333
74 39.833333
75 39.833333
76 39.833333
77 39.833333
78 39.833333
79 39.833333
80 39.833333
81 39.833333
82 39.833333
83 39.833333
84 39.833333
85 39.833333
86 39.833333
87 39.833333
88 39.833333
89 39.833333
90 39.833333
91 39.833333
92 39.833333
93 39.833333
94 39.833333
95 39.833333
96 39.833333
97 39.833333
98 39.833333
99 39.833333
100 39.833333
101 39.833333
102 39.833333
103 39.833333
104 39.833333
105 39.833333
106 39.833333
107 39.833333
108 39.833333
109 39.833333
110 39.833333
111 39.833333
112 39.833333
113 39.833333
114 39.833333
115 39.833333
116 39.833333
117 39.833333
118 39.833333
119 39.833333
120 39.833333
121 39.833333
122 39.833333
123 39.833333
124 39.833333
125 39.833333
126 39.833333
127 39.833333
128 39.833333
129 39.833333
130 39.833333
131 39.833333
132 39.833333
133 39.833333
134 39.833333
135 39.833333
136 39.833333
137 39.833333
138 39.833333
139 39.833333
140 39.833333
141 39.833333
142 39.833333
143 39.833333
144 39.833333
145 39.833333
146 39.833333
147 39.833333
148 39.833333
149 39.833333
150 39.833333
151 39.833333
152 39.833333
153 39.833333
154 39.833333
155 39.833333
156 39.833333
157 39.833333
158 39.833333
159 39.833333
160 39.833333
161 39.833333
162 39.833333
163 39.833333
164 39.833333
165 39.833333
166 39.833333
167 39.833333
168 39.833333
169 39.833333
170 39.833333
171 39.833333
172 39.833333
173 39.833333
174 39.833333
175 39.833333
176 39.833333
177 39.833333
178 39.833333
179 39.833333
180 39.833333
181 39.833333
182 39.833333
183 39.833333
184 39.833333
185 39.833333
186 39.833333
187 39.833333
188 39.833333
189 39.833333
190 39.833333
191 39.833333
192 39.833333
193 39.833333
194 39.833333
195 39.833333
196 39.833333
197 39.833333
198 39.833333
199 39.833333
