0 38.500000
1 45.600000
2 57.833333
3 65.166667
4 66.366667
5 69.366667
6 76.233333
7 82.366667
8 82.600000
9 82.600000
10 87.600000
11 87.933333
12 89.650000
13 94.833333
14 94.983333
15 95.433333
16 95.933333
17 98.433333
18 99.083333
19 101.966667
20 101.966667
21 101.966667
22 103.083333
23 110.883333
24 110.883333
25 110.883333
26 111.383333
27 111.383333
28 111.883333
29 111.883333
30 112.883333
31 112.883333
32 112.883333
33 112.883333
34 112.883333
35 112.883333
36 114.883333
37 114.883333
38 114.883333
39 114.883333
40 115.883333
41 115.883333
42 118.383333
43 118.383333
44 118.383333
45 118.383333
46 118.383333
47 118.383333
48 118.383333
49 118.383333
50 118.383333
51 118.383333
52 118.383333
53 118.383333
54 118.383333
55 118.383333
56 118.383333
57 118.383333
58 118.383333
59 118.383333
60 118.383333
61 118.383333
62 118.383333
63 118.383333
64 118.383333
65 122.883333
66 122.883333
67 122.883333
68 122.883333
69 122.883333
70 122.883333
71 122.883333
72 122.883333
73 122.883333
74 122.883333
75 122.883333
76 122.883333
77 122.883333
78 122.883333
79 122.883333
80 122.883333
81 122.883333
82 122.883333
83 122.883333
84 122.883333
85 124.500000
86 124.500000
87 126.766667
88 127.316667
89 127.316667
90 127.316667
91 127.316667
92 127.316667
93 127.316667
94 127.316667
95 127.316667
96 127.316667
97 127.316667
98 127.316667
99 127.316667
100 127.316667
101 127.316667
102 127.316667
103 127.316667
104 127.316667
105 127.316667
106 127.316667
107 127.316667
108 127.316667
109 127.316667
110 127.316667
111 127.316667
112 127.316667
113 127.316667
114 127.316667
115 127.316667
116 127.316667
117 127.316667
118 127.316667
119 127.316667
120 127.316667
121 127.316667
122 127.316667
123 127.316667
124 127.316667
125 127.816667
126 127.816667
127 127.816667
128 127.816667
129 127.816667
130 128.816667
131 128.816667
132 128.816667
133 128.816667
134 128.816667
135 128.816667
136 128.816667
137 128.816667
138 128.816667
139 128.816667
140 128.816667
141 129.483333
142 129.483333
143 130.333333
144 130.333333
145 130.333333
146 130.333333
147 130.333333
148 130.333333
149 130.333333
150 130.333333
151 130.333333
152 130.333333
153 130.333333
154 130.333333
155 130.333333
156 130.333333
157 130.333333
158 130.333333
159 130.333333
160 130.333333
161 130.333333
162 130.333333
163 130.333333
164 130.333333
165 130.333333
166 130.333333
167 130.333333
168 130.333333
169 130.333333
170 130.333333
171 130.333333
172 130.333333
173 130.333333
174 130.333333
175 130.333333
176 130.333333
177 130.333333
178 130.333333
179 130.333333
180 130.333333
181 130.333333
182 130.333333
183 130.333333
184 130.333333
185 130.333333
186 130.333333
187 130.333333
188 130.333333
189 130.333333
190 130.333333
191 131.166667
192 131.166667
193 131.166667
194 131.166667
195 131.166667
196 131.166667
197 131.166667
198 131.166667
199 131.166667
