-800.000000 0.000000 0.000000
55.733333 0.000000 0.100000
75.383333 0.000000 0.300000
83.316667 0.000000 0.500000
120.433333 0.000000 0.700000
104.516667 0.000000 0.900000
102.466667 0.000000 1.000000
-123.000000 0.100000 0.000000
53.433333 0.100000 0.100000
84.783333 0.100000 0.300000
99.483333 0.100000 0.500000
72.833333 0.100000 0.700000
87.833333 0.100000 0.900000
92.533333 0.100000 1.000000
-105.350000 0.300000 0.000000
43.333333 0.300000 0.100000
102.516667 0.300000 0.300000
89.333333 0.300000 0.500000
82.800000 0.300000 0.700000
91.316667 0.300000 0.900000
75.266667 0.300000 1.000000
-119.800000 0.500000 0.000000
62.683333 0.500000 0.100000
88.666667 0.500000 0.300000
82.166667 0.500000 0.500000
79.966667 0.500000 0.700000
