0 -107.500000
1 -85.166667
2 -36.533333
3 -30.466667
4 -20.150000
5 -15.433333
6 9.383333
7 9.383333
8 11.316667
9 11.650000
10 18.150000
11 31.033333
12 33.200000
13 36.816667
14 37.333333
15 37.966667
16 38.233333
17 51.666667
18 55.200000
19 55.200000
20 55.200000
21 55.200000
22 55.200000
23 55.533333
24 56.700000
25 56.700000
26 58.166667
27 58.166667
28 58.166667
29 58.166667
30 58.166667
31 58.166667
32 58.166667
33 62.166667
34 62.400000
35 66.733333
36 69.950000
37 73.366667
38 76.250000
39 76.250000
40 76.366667
41 76.366667
42 78.616667
43 78.616667
44 79.116667
45 79.116667
46 79.116667
47 79.616667
48 79.616667
49 79.616667
50 79.616667
51 80.066667
52 80.066667
53 80.066667
54 80.066667
55 80.066667
56 80.066667
57 80.216667
58 80.216667
59 80.216667
60 80.366667
61 80.366667
62 80.366667
63 80.666667
64 81.566667
65 82.016667
66 83.066667
67 83.566667
68 83.566667
69 83.566667
70 83.683333
71 83.683333
72 83.683333
73 83.683333
74 83.683333
75 83.683333
76 83.683333
77 83.683333
78 83.683333
79 83.683333
80 83.683333
81 83.683333
82 83.683333
83 83.683333
84 84.850000
85 84.850000
86 85.383333
87 85.383333
88 85.383333
89 89.200000
90 89.200000
91 89.416667
92 89.416667
93 89.416667
94 89.416667
95 89.416667
96 89.683333
97 89.683333
98 89.683333
99 89.683333
100 89.683333
101 89.683333
102 89.683333
103 89.683333
104 89.866667
105 89.866667
106 89.866667
107 89.866667
108 89.866667
109 89.866667
110 92.716667
111 94.516667
112 94.516667
113 97.016667
114 97.016667
115 97.016667
116 97.016667
117 101.516667
118 101.516667
119 103.516667
120 103.516667
121 103.516667
122 103.516667
123 103.516667
124 103.516667
125 103.516667
126 103.516667
127 103.516667
128 103.516667
129 103.516667
130 104.516667
131 104.516667
132 104.516667
133 109.616667
134 109.666667
135 112.200000
136 112.200000
137 112.200000
138 112.200000
139 112.200000
140 112.200000
141 112.200000
142 112.200000
143 112.200000
144 112.200000
145 112.200000
146 112.200000
147 112.200000
148 112.200000
149 112.200000
150 112.200000
151 112.200000
152 112.200000
153 112.200000
154 112.200000
155 112.316667
156 112.316667
157 112.316667
158 112.316667
159 112.583333
160 112.583333
161 113.133333
162 113.133333
163 113.133333
164 113.133333
165 113.133333
166 113.133333
167 113.133333
168 113.133333
169 113.133333
170 113.133333
171 113.133333
172 113.133333
173 113.133333
174 113.133333
175 113.133333
176 113.133333
177 113.133333
178 113.133333
179 113.133333
180 113.133333
181 113.133333
182 113.133333
183 113.133333
184 113.133333
185 113.133333
186 113.133333
187 113.133333
188 113.133333
189 113.133333
190 113.133333
191 113.133333
192 113.133333
193 113.133333
194 113.133333
195 113.133333
196 113.133333
197 113.133333
198 113.133333
199 113.133333
