0 -116.466667
1 -82.216667
2 -65.700000
3 -51.083333
4 -40.716667
5 -38.100000
6 10.333333
7 10.783333
8 11.283333
9 23.783333
10 23.783333
11 27.900000
12 35.216667
13 35.816667
14 36.416667
15 39.000000
16 39.000000
17 43.833333
18 43.833333
19 43.833333
20 44.166667
21 44.166667
22 45.166667
23 45.566667
24 49.316667
25 49.316667
26 49.316667
27 49.316667
28 49.316667
29 49.316667
30 49.316667
31 49.316667
32 52.316667
33 52.316667
34 52.866667
35 54.166667
36 54.166667
37 56.033333
38 56.033333
39 57.733333
40 57.733333
41 58.133333
42 58.633333
43 59.633333
44 59.633333
45 59.866667
46 64.866667
47 76.566667
48 82.233333
49 82.233333
50 84.233333
51 84.233333
52 84.233333
53 84.233333
54 84.233333
55 84.233333
56 84.233333
57 84.233333
58 84.233333
59 84.233333
60 84.233333
61 84.233333
62 84.233333
63 84.233333
64 86.733333
65 86.733333
66 86.733333
67 86.733333
68 86.733333
69 86.733333
70 86.733333
71 86.733333
72 86.733333
73 86.733333
74 86.733333
75 86.733333
76 86.733333
77 86.733333
78 89.233333
79 89.233333
80 89.233333
81 89.233333
82 89.233333
83 89.233333
84 89.233333
85 89.233333
86 89.233333
87 89.233333
88 89.233333
89 89.233333
90 89.233333
91 89.233333
92 89.233333
93 89.233333
94 89.233333
95 89.233333
96 89.233333
97 89.233333
98 89.233333
99 89.233333
100 89.233333
101 89.233333
102 89.233333
103 89.233333
104 89.233333
105 89.233333
106 89.233333
107 89.233333
108 89.233333
109 89.233333
110 89.233333
111 89.233333
112 89.233333
113 89.233333
114 89.233333
115 89.233333
116 91.200000
117 91.566667
118 91.566667
119 91.566667
120 91.733333
121 91.733333
122 91.733333
123 91.733333
124 91.900000
125 91.900000
126 95.400000
127 96.050000
128 97.533333
129 97.683333
130 97.683333
131 97.683333
132 97.683333
133 97.683333
134 97.683333
135 97.683333
136 97.683333
137 97.683333
138 97.683333
139 97.816667
140 97.816667
141 97.950000
142 97.950000
143 97.950000
144 98.216667
145 98.216667
146 98.216667
147 98.216667
148 98.216667
149 98.216667
150 98.216667
151 98.216667
152 98.216667
153 98.216667
154 98.216667
155 98.216667
156 101.283333
157 101.283333
158 101.283333
159 101.283333
160 101.283333
161 101.283333
162 101.283333
163 101.283333
164 101.283333
165 101.283333
166 101.283333
167 101.283333
168 101.283333
169 101.283333
170 101.283333
171 101.283333
172 101.950000
173 101.950000
174 101.950000
175 101.950000
176 101.950000
177 101.950000
178 101.950000
179 101.950000
180 101.950000
181 101.950000
182 101.950000
183 101.950000
184 101.950000
185 101.950000
186 101.950000
187 101.950000
188 101.950000
189 101.950000
190 101.950000
191 101.950000
192 101.950000
193 101.950000
194 101.950000
195 101.950000
196 101.950000
197 101.950000
198 101.950000
199 101.950000
