0 -119.533333
1 -116.833333
2 -115.566667
3 -113.100000
4 -106.600000
5 -105.133333
6 -105.133333
7 -104.833333
8 -97.516667
9 -90.133333
10 -85.300000
11 -70.950000
12 -70.066667
13 -66.483333
14 -64.733333
15 -58.233333
16 -45.466667
17 -42.966667
18 -38.466667
19 -25.466667
20 -19.600000
21 -19.533333
22 -17.533333
23 -17.533333
24 -17.533333
25 -11.750000
26 -11.750000
27 -11.516667
28 -3.500000
29 -3.266667
30 -3.266667
31 -3.266667
32 -3.266667
33 -3.266667
34 -3.266667
35 -2.466667
36 -2.466667
37 -2.466667
38 -2.466667
39 -2.466667
40 -2.466667
41 -1.666667
42 -1.666667
43 -1.550000
44 -1.550000
45 8.316667
46 13.316667
47 13.316667
48 13.650000
49 13.650000
50 14.316667
51 14.316667
52 14.316667
53 18.816667
54 18.816667
55 27.933333
56 27.933333
57 27.933333
58 27.933333
59 27.933333
60 27.933333
61 27.933333
62 32.433333
63 32.433333
64 32.433333
65 32.433333
66 32.433333
67 32.433333
68 32.433333
69 32.433333
70 47.833333
71 47.833333
72 48.300000
73 49.000000
74 49.000000
75 49.583333
76 49.583333
77 53.366667
78 54.433333
79 54.433333
80 54.550000
81 55.883333
82 55.883333
83 55.883333
84 55.883333
85 56.466667
86 56.916667
87 56.916667
88 56.916667
89 56.916667
90 56.916667
91 56.916667
92 56.916667
93 56.916667
94 56.916667
95 56.916667
96 56.916667
97 56.916667
98 56.916667
99 56.916667
100 56.916667
101 57.033333
102 57.033333
103 57.033333
104 57.033333
105 57.033333
106 57.033333
107 57.033333
108 57.033333
109 57.033333
110 57.033333
111 57.033333
112 57.933333
113 57.933333
114 57.933333
115 57.933333
116 57.933333
117 57.933333
118 57.933333
119 57.933333
120 57.933333
121 57.933333
122 57.933333
123 57.933333
124 57.933333
125 57.933333
126 57.933333
127 57.933333
128 66.433333
129 66.433333
130 66.433333
131 66.433333
132 66.433333
133 66.433333
134 66.433333
135 66.433333
136 66.433333
137 66.433333
138 72.433333
139 72.766667
140 72.766667
141 72.766667
142 72.766667
143 72.766667
144 72.766667
145 73.100000
146 73.100000
147 74.250000
148 74.600000
149 74.600000
150 74.600000
151 74.600000
152 75.833333
153 75.833333
154 75.833333
155 75.833333
156 76.166667
157 76.166667
158 76.166667
159 76.166667
160 76.166667
161 76.166667
162 76.166667
163 76.166667
164 76.166667
165 82.283333
166 82.400000
167 82.516667
168 82.516667
169 82.516667
170 82.516667
171 82.516667
172 82.516667
173 86.783333
174 87.116667
175 87.116667
176 87.116667
177 87.116667
178 88.800000
179 88.800000
180 90.866667
181 91.016667
182 91.833333
183 92.133333
184 92.133333
185 92.133333
186 92.133333
187 92.133333
188 92.833333
189 96.033333
190 96.633333
191 96.633333
192 96.633333
193 96.633333
194 96.633333
195 96.633333
196 96.633333
197 96.633333
198 97.083333
199 97.083333
