0 -59.850000
1 -55.833333
2 -48.833333
3 -47.783333
4 -38.600000
5 -37.516667
6 -32.016667
7 -29.200000
8 -17.116667
9 -14.716667
10 -12.300000
11 0.416667
12 0.716667
13 3.700000
14 5.100000
15 6.100000
16 22.366667
17 26.600000
18 27.550000
19 28.100000
20 29.800000
21 33.800000
22 33.800000
23 33.800000
24 38.950000
25 38.950000
26 39.866667
27 40.016667
28 40.116667
29 40.116667
30 41.400000
31 41.400000
32 41.400000
33 41.400000
34 41.700000
35 41.700000
36 41.700000
37 41.933333
38 45.433333
39 53.016667
40 53.016667
41 53.016667
42 54.016667
43 54.016667
44 54.016667
45 54.016667
46 54.316667
47 54.650000
48 54.800000
49 54.800000
50 54.950000
51 55.250000
52 55.250000
53 55.250000
54 55.250000
55 55.250000
56 55.250000
57 55.400000
58 55.400000
59 55.400000
60 55.400000
61 55.400000
62 55.550000
63 55.550000
64 55.550000
65 56.350000
66 56.350000
67 56.350000
68 56.516667
69 56.516667
70 56.516667
71 56.683333
72 56.683333
73 56.683333
74 56.683333
75 56.683333
76 56.683333
77 56.683333
78 59.683333
79 59.683333
80 60.100000
81 60.100000
82 61.383333
83 61.450000
84 62.250000
85 62.416667
86 62.550000
87 62.550000
88 62.550000
89 62.750000
90 62.750000
91 63.050000
92 63.050000
93 63.050000
94 63.050000
95 63.050000
96 63.266667
97 63.433333
98 63.433333
99 63.433333
100 63.433333
101 63.433333
102 63.433333
103 63.433333
104 63.433333
105 63.433333
106 63.433333
107 63.433333
108 63.433333
109 63.433333
110 63.433333
111 63.433333
112 65.066667
113 65.066667
114 65.066667
115 65.066667
116 65.066667
117 65.066667
118 65.066667
119 67.733333
120 68.733333
121 69.066667
122 73.566667
123 73.900000
124 74.733333
125 75.066667
126 75.066667
127 75.066667
128 75.066667
129 75.066667
130 75.066667
131 75.066667
132 75.066667
133 75.066667
134 75.066667
135 75.066667
136 75.066667
137 75.566667
138 75.666667
139 75.966667
140 75.966667
141 75.966667
142 76.166667
143 76.166667
144 76.166667
145 76.166667
146 76.266667
147 76.300000
148 76.300000
149 76.300000
150 76.300000
151 78.400000
152 78.500000
153 78.500000
154 78.666667
155 78.666667
156 78.666667
157 78.666667
158 78.666667
159 78.666667
160 78.666667
161 78.666667
162 80.166667
163 80.166667
164 80.166667
165 80.166667
166 80.166667
167 80.166667
168 80.283333
169 80.283333
170 80.283333
171 80.283333
172 80.283333
173 80.283333
174 80.283333
175 80.283333
176 80.283333
177 80.283333
178 80.283333
179 80.283333
180 80.283333
181 80.283333
182 80.283333
183 80.283333
184 80.316667
185 80.316667
186 80.316667
187 80.316667
188 80.316667
189 80.316667
190 80.316667
191 80.316667
192 80.316667
193 80.316667
194 80.316667
195 80.316667
196 80.316667
197 80.316667
198 80.316667
199 80.316667
