0 -132.883333
1 -110.683333
2 -101.350000
3 -81.316667
4 -71.333333
5 -68.333333
6 -66.550000
7 -55.333333
8 -40.666667
9 -30.833333
10 -8.333333
11 -5.666667
12 5.616667
13 8.633333
14 14.300000
15 14.750000
16 15.966667
17 16.300000
18 16.533333
19 16.533333
20 18.866667
21 19.533333
22 19.533333
23 19.816667
24 28.850000
25 29.050000
26 29.650000
27 33.650000
28 34.283333
29 34.733333
30 34.733333
31 34.733333
32 37.750000
33 41.333333
34 43.600000
35 43.600000
36 43.716667
37 43.716667
38 43.716667
39 43.716667
40 44.216667
41 44.216667
42 44.216667
43 44.383333
44 44.383333
45 45.050000
46 45.383333
47 45.383333
48 48.716667
49 48.716667
50 48.716667
51 48.716667
52 48.716667
53 48.716667
54 48.883333
55 48.883333
56 49.283333
57 49.283333
58 49.283333
59 49.283333
60 49.283333
61 49.283333
62 49.283333
63 49.283333
64 49.616667
65 49.616667
66 49.616667
67 49.616667
68 52.616667
69 52.616667
70 52.616667
71 59.616667
72 59.616667
73 62.566667
74 62.566667
75 63.016667
76 63.400000
77 63.400000
78 63.400000
79 63.666667
80 63.933333
81 63.933333
82 64.533333
83 67.900000
84 67.933333
85 67.933333
86 68.733333
87 68.733333
88 68.733333
89 68.733333
90 68.733333
91 68.733333
92 68.866667
93 69.366667
94 69.366667
95 69.366667
96 73.366667
97 76.233333
98 76.233333
99 76.233333
100 80.400000
101 80.400000
102 80.400000
103 80.733333
104 80.733333
105 80.733333
106 83.933333
107 83.933333
108 83.933333
109 83.933333
110 83.933333
111 90.883333
112 91.633333
113 91.633333
114 91.633333
115 91.633333
116 91.633333
117 91.633333
118 91.633333
119 91.933333
120 92.083333
121 93.116667
122 93.116667
123 93.433333
124 93.433333
125 93.433333
126 93.433333
127 93.433333
128 93.433333
129 93.433333
130 93.433333
131 93.433333
132 93.433333
133 93.433333
134 93.433333
135 93.433333
136 93.433333
137 93.433333
138 93.433333
139 93.433333
140 93.433333
141 93.433333
142 93.433333
143 93.433333
144 93.433333
145 93.733333
146 93.733333
147 93.733333
148 93.733333
149 93.733333
150 93.733333
151 93.733333
152 93.733333
153 93.733333
154 93.733333
155 93.733333
156 97.733333
157 97.733333
158 97.733333
159 97.733333
160 97.733333
161 97.733333
162 97.733333
163 97.733333
164 97.733333
165 97.733333
166 97.733333
167 97.733333
168 98.733333
169 98.733333
170 98.733333
171 98.733333
172 98.733333
173 98.733333
174 99.033333
175 99.183333
176 99.183333
177 100.733333
178 103.233333
179 103.233333
180 103.233333
181 103.233333
182 103.233333
183 103.233333
184 103.233333
185 103.233333
186 103.233333
187 103.233333
188 103.233333
189 103.233333
190 103.233333
191 103.233333
192 103.233333
193 106.733333
194 106.733333
195 106.733333
196 106.733333
197 106.733333
198 106.733333
199 106.733333
