0 -149.000000
1 -144.500000
2 -144.383333
3 -144.383333
4 -143.133333
5 -143.016667
6 -143.016667
7 -139.333333
8 -139.216667
9 -138.566667
10 -137.916667
11 -127.916667
12 -127.916667
13 -127.200000
14 -125.683333
15 -125.566667
16 -125.566667
17 -125.566667
18 -125.566667
19 -125.566667
20 -123.566667
21 -123.566667
22 -123.566667
23 -123.566667
24 -123.566667
25 -123.566667
26 -123.566667
27 -123.566667
28 -123.566667
29 -123.566667
30 -123.400000
31 -123.400000
32 -123.066667
33 -123.066667
34 -123.066667
35 -122.916667
36 -122.916667
37 -122.916667
38 -122.916667
39 -118.416667
40 -118.416667
41 -118.416667
42 -118.416667
43 -118.416667
44 -118.416667
45 -118.416667
46 -118.416667
47 -118.416667
48 -118.416667
49 -118.416667
50 -118.300000
51 -118.300000
52 -118.300000
53 -118.300000
54 -118.300000
55 -118.300000
56 -118.300000
57 -118.300000
58 -118.300000
59 -118.300000
60 -118.300000
61 -118.300000
62 -118.300000
63 -118.300000
64 -118.300000
65 -118.300000
66 -118.300000
67 -118.300000
68 -118.300000
69 -118.300000
70 -118.300000
71 -118.300000
72 -118.300000
73 -118.300000
74 -118.300000
75 -118.300000
76 -118.300000
77 -118.300000
78 -118.300000
79 -118.300000
80 -118.300000
81 -118.300000
82 -118.300000
83 -118.300000
84 -118.300000
85 -118.300000
86 -118.300000
87 -114.850000
88 -114.850000
89 -113.950000
90 -113.950000
91 -113.950000
92 -113.950000
93 -113.950000
94 -113.950000
95 -113.950000
96 -113.950000
97 -113.950000
98 -113.950000
99 -113.950000
100 -113.950000
101 -113.950000
102 -113.950000
103 -113.950000
104 -113.950000
105 -113.950000
106 -113.950000
107 -113.950000
108 -113.950000
109 -113.950000
110 -113.950000
111 -113.950000
112 -113.950000
113 -113.950000
114 -113.950000
115 -113.950000
116 -113.950000
117 -113.950000
118 -113.950000
119 -113.950000
120 -113.950000
121 -113.950000
122 -113.950000
123 -113.950000
124 -113.950000
125 -113.950000
126 -113.950000
127 -113.950000
128 -113.950000
129 -113.950000
130 -113.950000
131 -113.950000
132 -113.950000
133 -113.950000
134 -113.950000
135 -113.950000
136 -113.950000
137 -113.950000
138 -113.950000
139 -113.950000
140 -113.950000
141 -113.950000
142 -113.950000
143 -113.950000
144 -113.950000
145 -113.950000
146 -113.950000
147 -113.950000
148 -113.950000
149 -113.950000
150 -113.950000
151 -113.950000
152 -113.950000
153 -113.950000
154 -113.950000
155 -113.800000
156 -113.800000
157 -113.800000
158 -113.800000
159 -113.800000
160 -113.800000
161 -113.800000
162 -113.800000
163 -113.800000
164 -113.800000
165 -113.800000
166 -113.800000
167 -113.800000
168 -113.800000
169 -113.800000
170 -113.800000
171 -113.800000
172 -113.800000
173 -113.800000
174 -113.800000
175 -113.800000
176 -113.800000
177 -113.700000
178 -113.700000
179 -113.700000
180 -113.700000
181 -113.700000
182 -113.700000
183 -113.700000
184 -113.700000
185 -113.700000
186 -113.700000
187 -113.700000
188 -113.700000
189 -113.700000
190 -113.700000
191 -113.700000
192 -113.700000
193 -113.700000
194 -113.700000
195 -113.700000
196 -113.700000
197 -113.700000
198 -113.700000
199 -113.700000
