0 -97.500000
1 -62.833333
2 -24.366667
3 -9.166667
4 -8.500000
5 -8.066667
6 1.216667
7 2.583333
8 8.516667
9 13.216667
10 14.716667
11 19.216667
12 35.883333
13 43.050000
14 43.150000
15 43.266667
16 43.266667
17 46.266667
18 46.266667
19 46.266667
20 46.783333
21 47.016667
22 48.866667
23 48.866667
24 48.866667
25 48.866667
26 48.866667
27 49.033333
28 49.033333
29 49.033333
30 49.200000
31 49.200000
32 49.533333
33 49.866667
34 49.866667
35 52.500000
36 52.500000
37 53.500000
38 53.500000
39 54.300000
40 54.300000
41 54.300000
42 58.833333
43 62.933333
44 62.933333
45 63.116667
46 63.200000
47 64.866667
48 64.866667
49 68.366667
50 68.366667
51 70.583333
52 70.583333
53 71.633333
54 72.633333
55 72.633333
56 79.966667
57 80.133333
58 80.133333
59 80.633333
60 80.633333
61 80.966667
62 80.966667
63 80.966667
64 80.966667
65 80.966667
66 80.966667
67 80.966667
68 80.966667
69 81.200000
70 81.200000
71 81.200000
72 81.366667
73 81.366667
74 81.633333
75 81.633333
76 81.633333
77 81.633333
78 81.633333
79 81.633333
80 81.633333
81 81.633333
82 81.633333
83 81.633333
84 81.633333
85 81.633333
86 81.633333
87 81.633333
88 85.466667
89 85.466667
90 85.466667
91 85.466667
92 85.466667
93 89.466667
94 89.466667
95 89.466667
96 89.700000
97 89.816667
98 91.383333
99 94.516667
100 95.750000
101 96.900000
102 96.900000
103 96.900000
104 96.900000
105 96.900000
106 96.900000
107 96.900000
108 96.900000
109 96.900000
110 96.900000
111 96.900000
112 96.900000
113 96.900000
114 96.900000
115 96.900000
116 96.900000
117 96.900000
118 96.900000
119 96.900000
120 96.900000
121 96.900000
122 96.900000
123 97.066667
124 97.066667
125 97.066667
126 97.066667
127 97.066667
128 97.066667
129 97.066667
130 97.066667
131 97.066667
132 97.066667
133 97.066667
134 97.066667
135 97.066667
136 97.066667
137 97.066667
138 97.066667
139 97.066667
140 97.066667
141 97.066667
142 97.066667
143 97.066667
144 97.833333
145 97.833333
146 97.833333
147 97.833333
148 97.833333
149 97.833333
150 97.833333
151 97.833333
152 97.833333
153 97.833333
154 97.833333
155 97.833333
156 97.833333
157 97.833333
158 97.833333
159 97.833333
160 97.833333
161 97.833333
162 97.833333
163 97.833333
164 97.833333
165 97.833333
166 97.833333
167 97.833333
168 97.833333
169 97.833333
170 97.833333
171 97.833333
172 97.833333
173 97.833333
174 97.833333
175 97.833333
176 97.833333
177 97.833333
178 97.833333
179 97.833333
180 97.833333
181 97.833333
182 97.833333
183 99.250000
184 99.483333
185 99.483333
186 100.633333
187 100.633333
188 100.633333
189 100.633333
190 100.633333
191 100.633333
192 100.633333
193 100.633333
194 100.633333
195 100.633333
196 100.633333
197 100.633333
198 100.633333
199 100.633333
