0 -76.716667
1 -72.883333
2 -63.950000
3 -62.300000
4 -56.883333
5 -41.066667
6 -31.700000
7 -8.683333
8 -6.900000
9 -6.233333
10 -5.483333
11 -0.483333
12 0.733333
13 10.000000
14 10.500000
15 11.550000
16 12.516667
17 12.550000
18 14.233333
19 15.016667
20 18.583333
21 23.016667
22 23.016667
23 23.316667
24 23.466667
25 24.583333
26 26.216667
27 28.216667
28 28.216667
29 28.966667
30 29.400000
31 29.550000
32 30.800000
33 32.200000
34 33.833333
35 36.066667
36 36.066667
37 36.733333
38 37.066667
39 37.066667
40 37.333333
41 37.333333
42 38.000000
43 38.000000
44 41.283333
45 41.283333
46 46.166667
47 46.533333
48 47.666667
49 49.883333
50 50.216667
51 58.083333
52 58.350000
53 58.933333
54 60.400000
55 61.316667
56 67.866667
57 68.366667
58 68.366667
59 68.366667
60 68.366667
61 75.750000
62 75.916667
63 75.916667
64 76.083333
65 78.583333
66 78.750000
67 79.083333
68 79.083333
69 79.583333
70 79.883333
71 82.783333
72 83.783333
73 83.783333
74 84.116667
75 84.450000
76 84.600000
77 84.600000
78 84.600000
79 84.600000
80 84.600000
81 84.600000
82 84.600000
83 84.600000
84 84.833333
85 84.833333
86 87.133333
87 95.500000
88 95.500000
89 95.500000
90 95.500000
91 95.500000
92 95.500000
93 95.500000
94 95.616667
95 95.616667
96 95.616667
97 95.616667
98 97.350000
99 97.350000
100 99.283333
101 99.283333
102 99.283333
103 99.283333
104 99.283333
105 99.283333
106 99.283333
107 99.283333
108 99.283333
109 99.283333
110 99.766667
111 99.766667
112 101.766667
113 102.766667
114 103.766667
115 104.266667
116 104.266667
117 104.266667
118 104.266667
119 104.266667
120 104.266667
121 104.266667
122 104.266667
123 104.266667
124 104.266667
125 106.016667
126 106.666667
127 107.316667
128 107.316667
129 108.616667
130 109.266667
131 109.266667
132 109.266667
133 109.400000
134 109.400000
135 109.400000
136 109.400000
137 109.400000
138 109.400000
139 109.400000
140 109.400000
141 109.400000
142 109.400000
143 109.400000
144 109.400000
145 109.400000
146 109.400000
147 109.400000
148 109.500000
149 111.500000
150 111.500000
151 111.500000
152 111.500000
153 111.500000
154 111.500000
155 111.500000
156 111.500000
157 113.166667
158 113.500000
159 113.500000
160 113.500000
161 113.500000
162 113.500000
163 113.500000
164 113.500000
165 113.500000
166 113.500000
167 113.500000
168 113.500000
169 113.500000
170 113.500000
171 113.500000
172 113.500000
173 113.500000
174 113.500000
175 113.500000
176 113.500000
177 113.500000
178 113.500000
179 113.500000
180 113.500000
181 113.500000
182 113.500000
183 113.500000
184 113.500000
185 114.000000
186 114.000000
187 114.000000
188 114.116667
189 114.600000
190 114.600000
191 114.700000
192 114.816667
193 114.816667
194 114.933333
195 114.933333
196 114.933333
197 115.166667
198 115.166667
199 115.166667
