0 -132.900000
1 -129.966667
2 -124.700000
3 -124.366667
4 -121.466667
5 -121.066667
6 -119.583333
7 -118.750000
8 -118.583333
9 -115.483333
10 -115.100000
11 -114.933333
12 -114.933333
13 -114.566667
14 -114.566667
15 -114.566667
16 -114.400000
17 -114.400000
18 -114.400000
19 -114.400000
20 -114.400000
21 -114.066667
22 -114.066667
23 -113.900000
24 -113.900000
25 -111.800000
26 -111.800000
27 -111.800000
28 -111.800000
29 -111.633333
30 -111.633333
31 -111.633333
32 -111.466667
33 -111.466667
34 -111.166667
35 -111.166667
36 -111.166667
37 -110.900000
38 -110.766667
39 -110.483333
40 -110.483333
41 -110.483333
42 -110.483333
43 -110.483333
44 -106.983333
45 -106.850000
46 -106.850000
47 -106.850000
48 -106.716667
49 -106.716667
50 -106.716667
51 -106.716667
52 -106.583333
53 -106.583333
54 -106.433333
55 -106.433333
56 -106.433333
57 -106.433333
58 -106.433333
59 -106.433333
60 -106.433333
61 -106.433333
62 -106.433333
63 -106.433333
64 -106.433333
65 -106.433333
66 -106.433333
67 -106.433333
68 -106.433333
69 -106.433333
70 -106.433333
71 -106.433333
72 -106.433333
73 -106.433333
74 -106.433333
75 -106.433333
76 -106.433333
77 -106.433333
78 -106.433333
79 -106.433333
80 -106.433333
81 -106.433333
82 -106.433333
83 -106.433333
84 -106.433333
85 -106.433333
86 -106.433333
87 -106.433333
88 -106.433333
89 -106.433333
90 -106.433333
91 -106.433333
92 -106.433333
93 -106.433333
94 -106.433333
95 -106.433333
96 -106.433333
97 -106.433333
98 -106.433333
99 -106.433333
100 -106.433333
101 -106.433333
102 -103.366667
103 -103.033333
104 -103.033333
105 -103.033333
106 -103.033333
107 -103.033333
108 -99.533333
109 -99.533333
110 -99.533333
111 -99.533333
112 -99.533333
113 -99.533333
114 -99.533333
115 -99.533333
116 -99.533333
117 -99.533333
118 -99.533333
119 -99.533333
120 -99.533333
121 -99.533333
122 -99.533333
123 -99.533333
124 -99.533333
125 -99.533333
126 -99.533333
127 -99.533333
128 -99.533333
129 -99.533333
130 -99.533333
131 -99.533333
132 -99.533333
133 -99.533333
134 -99.533333
135 -99.533333
136 -99.533333
137 -99.533333
138 -99.533333
139 -99.533333
140 -99.533333
141 -99.533333
142 -99.533333
143 -99.533333
144 -99.533333
145 -99.533333
146 -99.533333
147 -99.533333
148 -99.533333
149 -99.533333
150 -99.533333
151 -99.533333
152 -99.533333
153 -99.533333
154 -99.533333
155 -99.533333
156 -99.533333
157 -99.533333
158 -99.533333
159 -99.533333
160 -99.533333
161 -99.533333
162 -99.533333
163 -99.533333
164 -99.533333
165 -99.533333
166 -99.533333
167 -99.533333
168 -99.533333
169 -99.533333
170 -99.533333
171 -99.533333
172 -99.533333
173 -99.533333
174 -99.533333
175 -99.533333
176 -99.533333
177 -99.533333
178 -99.533333
179 -99.533333
180 -99.533333
181 -99.533333
182 -99.533333
183 -95.366667
184 -95.366667
185 -95.366667
186 -95.366667
187 -95.366667
188 -95.366667
189 -95.366667
190 -95.366667
191 -95.366667
192 -95.366667
193 -95.366667
194 -95.366667
195 -95.366667
196 -95.366667
197 -95.366667
198 -95.366667
199 -95.366667
