0 -88.133333
1 -48.300000
2 -46.833333
3 -21.850000
4 -18.350000
5 -5.883333
6 0.183333
7 1.533333
8 4.533333
9 18.933333
10 23.100000
11 33.633333
12 40.900000
13 41.133333
14 43.683333
15 49.266667
16 50.433333
17 54.933333
18 57.433333
19 58.633333
20 58.633333
21 58.633333
22 58.633333
23 62.633333
24 65.900000
25 68.433333
26 68.433333
27 68.433333
28 68.433333
29 68.433333
30 68.433333
31 68.433333
32 68.666667
33 73.166667
34 73.166667
35 73.166667
36 73.166667
37 73.166667
38 73.166667
39 73.166667
40 73.166667
41 73.166667
42 73.166667
43 73.166667
44 75.666667
45 75.666667
46 75.666667
47 75.666667
48 75.666667
49 75.666667
50 75.666667
51 75.666667
52 75.666667
53 75.666667
54 75.666667
55 75.666667
56 75.666667
57 75.666667
58 75.666667
59 75.666667
60 75.666667
61 75.666667
62 75.666667
63 77.200000
64 79.000000
65 82.316667
66 82.500000
67 82.500000
68 82.766667
69 83.966667
70 85.783333
71 86.116667
72 88.116667
73 88.116667
74 88.233333
75 88.483333
76 97.500000
77 100.650000
78 101.100000
79 101.100000
80 101.400000
81 101.400000
82 104.183333
83 104.483333
84 104.483333
85 104.483333
86 104.483333
87 104.783333
88 104.783333
89 106.366667
90 106.366667
91 106.366667
92 106.366667
93 106.366667
94 106.366667
95 106.366667
96 106.366667
97 106.366667
98 106.366667
99 106.366667
100 106.366667
101 106.366667
102 106.366667
103 106.366667
104 106.366667
105 106.366667
106 106.366667
107 106.366667
108 106.366667
109 106.366667
110 106.366667
111 106.366667
112 106.366667
113 106.366667
114 106.366667
115 106.366667
116 106.366667
117 106.366667
118 106.366667
119 106.366667
120 106.366667
121 106.366667
122 106.366667
123 106.366667
124 106.366667
125 106.366667
126 106.366667
127 106.366667
128 106.366667
129 106.366667
130 106.366667
131 106.366667
132 106.533333
133 113.033333
134 113.033333
135 113.033333
136 113.033333
137 113.033333
138 113.033333
139 113.666667
140 113.666667
141 113.666667
142 113.666667
143 113.666667
144 113.666667
145 113.666667
146 113.666667
147 113.666667
148 113.666667
149 113.666667
150 113.666667
151 113.666667
152 113.666667
153 113.666667
154 113.666667
155 113.666667
156 113.666667
157 114.000000
158 114.000000
159 114.000000
160 114.000000
161 114.000000
162 114.000000
163 114.000000
164 114.000000
165 114.000000
166 114.000000
167 114.000000
168 114.000000
169 114.000000
170 114.000000
171 114.000000
172 114.000000
173 114.000000
174 114.000000
175 114.000000
176 114.000000
177 114.000000
178 114.666667
179 114.666667
180 114.666667
181 114.666667
182 114.666667
183 114.666667
184 114.666667
185 114.666667
186 114.666667
187 114.666667
188 114.666667
189 114.666667
190 114.666667
191 114.666667
192 114.666667
193 114.666667
194 114.666667
195 114.666667
196 114.666667
197 114.666667
198 114.666667
199 114.666667
