0 -93.400000
1 -45.533333
2 -39.716667
3 -31.766667
4 -27.066667
5 -16.066667
6 -8.300000
7 4.716667
8 13.766667
9 15.766667
10 19.716667
11 19.716667
12 20.116667
13 20.300000
14 23.616667
15 24.333333
16 25.416667
17 25.416667
18 25.416667
19 31.416667
20 31.416667
21 31.416667
22 31.416667
23 34.233333
24 48.916667
25 48.916667
26 49.966667
27 58.600000
28 59.050000
29 62.316667
30 62.316667
31 63.216667
32 63.216667
33 63.216667
34 63.216667
35 68.716667
36 68.716667
37 68.716667
38 68.716667
39 68.716667
40 68.716667
41 68.716667
42 78.333333
43 78.333333
44 78.333333
45 78.333333
46 78.333333
47 78.333333
48 79.433333
49 82.433333
50 86.933333
51 86.933333
52 86.933333
53 86.933333
54 86.933333
55 86.933333
56 89.700000
57 90.533333
58 90.866667
59 96.366667
60 97.666667
61 101.166667
62 101.166667
63 101.166667
64 101.166667
65 101.166667
66 101.166667
67 101.166667
68 101.166667
69 101.166667
70 101.166667
71 101.166667
72 101.166667
73 101.166667
74 101.166667
75 105.166667
76 105.166667
77 105.166667
78 105.166667
79 105.166667
80 105.166667
81 105.166667
82 105.166667
83 105.166667
84 105.833333
85 106.833333
86 106.833333
87 106.833333
88 107.500000
89 107.500000
90 108.166667
91 108.166667
92 108.166667
93 108.383333
94 108.383333
95 108.383333
96 112.083333
97 112.300000
98 112.300000
99 112.300000
100 112.300000
101 112.300000
102 112.300000
103 112.300000
104 112.950000
105 112.950000
106 112.950000
107 112.950000
108 112.950000
109 112.950000
110 112.950000
111 118.483333
112 118.483333
113 118.483333
114 118.966667
115 119.450000
116 120.116667
117 120.116667
118 120.116667
119 120.300000
120 120.300000
121 120.300000
122 120.300000
123 120.300000
124 120.300000
125 120.300000
126 120.300000
127 120.300000
128 120.300000
129 120.300000
130 120.300000
131 120.300000
132 120.300000
133 120.300000
134 120.300000
135 120.300000
136 120.300000
137 120.300000
138 120.300000
139 120.300000
140 120.300000
141 120.300000
142 120.300000
143 120.300000
144 120.300000
145 120.300000
146 120.300000
147 120.300000
148 120.300000
149 120.300000
150 120.300000
151 120.300000
152 120.300000
153 120.300000
154 120.300000
155 120.300000
156 120.300000
157 120.300000
158 120.300000
159 120.300000
160 120.300000
161 120.300000
162 120.300000
163 120.300000
164 120.300000
165 120.300000
166 120.300000
167 120.300000
168 120.300000
169 120.300000
170 120.300000
171 120.300000
172 120.300000
173 120.300000
174 120.300000
175 120.300000
176 121.966667
177 121.966667
178 121.966667
179 121.966667
180 121.966667
181 121.966667
182 121.966667
183 121.966667
184 121.966667
185 121.966667
186 121.966667
187 121.966667
188 121.966667
189 121.966667
190 121.966667
191 121.966667
192 123.966667
193 123.966667
194 123.966667
195 123.966667
196 123.966667
197 123.966667
198 123.966667
199 123.966667
