0 -128.966667
1 -112.466667
2 -97.966667
3 -69.500000
4 -53.983333
5 -38.300000
6 -28.000000
7 -27.850000
8 -21.916667
9 -21.916667
10 -1.950000
11 12.716667
12 18.183333
13 20.350000
14 23.133333
15 26.900000
16 31.900000
17 33.716667
18 37.516667
19 38.233333
20 38.383333
21 38.683333
22 38.833333
23 38.950000
24 38.950000
25 39.133333
26 39.133333
27 43.000000
28 43.550000
29 44.033333
30 44.033333
31 44.033333
32 49.066667
33 50.766667
34 50.766667
35 50.766667
36 50.766667
37 50.766667
38 50.766667
39 50.916667
40 50.916667
41 52.766667
42 53.100000
43 53.250000
44 53.466667
45 53.583333
46 54.900000
47 56.700000
48 58.233333
49 58.733333
50 58.850000
51 59.200000
52 59.200000
53 59.200000
54 59.200000
55 59.200000
56 59.200000
57 59.200000
58 59.200000
59 59.416667
60 59.416667
61 59.416667
62 59.416667
63 59.416667
64 59.416667
65 59.416667
66 59.416667
67 59.416667
68 59.416667
69 59.416667
70 59.416667
71 59.416667
72 59.416667
73 59.416667
74 59.533333
75 59.533333
76 59.533333
77 59.533333
78 64.033333
79 64.033333
80 64.033333
81 64.766667
82 65.150000
83 66.533333
84 66.533333
85 66.533333
86 66.533333
87 66.533333
88 68.833333
89 68.833333
90 68.833333
91 69.300000
92 69.300000
93 69.300000
94 69.300000
95 69.300000
96 69.300000
97 69.300000
98 69.300000
99 69.300000
100 69.300000
101 69.533333
102 69.533333
103 70.816667
104 71.283333
105 74.783333
106 74.783333
107 74.783333
108 74.783333
109 74.783333
110 75.783333
111 75.783333
112 75.783333
113 75.783333
114 75.783333
115 75.783333
116 77.283333
117 78.433333
118 78.433333
119 78.433333
120 78.733333
121 78.733333
122 78.733333
123 79.733333
124 79.783333
125 79.783333
126 80.050000
127 80.183333
128 80.183333
129 80.183333
130 80.183333
131 80.183333
132 80.183333
133 80.450000
134 83.666667
135 83.666667
136 83.666667
137 84.066667
138 84.066667
139 84.066667
140 84.066667
141 84.066667
142 84.066667
143 84.066667
144 84.066667
145 84.066667
146 84.066667
147 84.066667
148 84.066667
149 84.066667
150 84.066667
151 84.066667
152 84.066667
153 84.066667
154 84.066667
155 84.066667
156 84.066667
157 84.066667
158 84.066667
159 84.066667
160 84.066667
161 84.066667
162 84.066667
163 84.066667
164 84.066667
165 84.066667
166 84.066667
167 84.066667
168 84.066667
169 84.066667
170 86.716667
171 87.316667
172 88.416667
173 88.566667
174 88.566667
175 88.566667
176 89.016667
177 89.466667
178 89.850000
179 89.850000
180 89.850000
181 89.850000
182 89.850000
183 89.850000
184 89.850000
185 89.850000
186 89.850000
187 89.850000
188 89.850000
189 89.916667
190 89.916667
191 89.916667
192 90.066667
193 90.066667
194 90.066667
195 90.066667
196 90.066667
197 90.066667
198 90.066667
199 90.066667
