0 -138.350000
1 -86.050000
2 -61.683333
3 -61.400000
4 -41.716667
5 -24.716667
6 -23.250000
7 -12.783333
8 1.783333
9 19.566667
10 28.866667
11 29.533333
12 29.700000
13 29.700000
14 29.766667
15 40.516667
16 40.516667
17 40.583333
18 40.583333
19 40.583333
20 40.783333
21 50.366667
22 55.633333
23 62.300000
24 62.300000
25 62.783333
26 65.783333
27 65.783333
28 69.716667
29 70.050000
30 70.716667
31 70.833333
32 71.383333
33 71.383333
34 72.716667
35 72.716667
36 76.383333
37 77.716667
38 77.716667
39 77.716667
40 77.716667
41 77.716667
42 77.716667
43 77.900000
44 77.900000
45 77.900000
46 77.900000
47 77.900000
48 77.900000
49 80.733333
50 84.400000
51 87.400000
52 87.400000
53 87.400000
54 87.400000
55 87.400000
56 87.400000
57 87.400000
58 87.400000
59 89.900000
60 89.900000
61 89.900000
62 89.900000
63 89.900000
64 89.900000
65 89.900000
66 89.900000
67 89.900000
68 90.033333
69 90.033333
70 90.033333
71 90.566667
72 90.566667
73 90.566667
74 90.566667
75 90.566667
76 90.566667
77 90.566667
78 90.566667
79 90.566667
80 90.566667
81 90.566667
82 91.233333
83 91.233333
84 91.233333
85 91.233333
86 91.233333
87 91.233333
88 91.566667
89 91.733333
90 91.733333
91 91.733333
92 91.733333
93 91.733333
94 91.733333
95 91.733333
96 91.733333
97 91.733333
98 91.733333
99 91.900000
100 91.900000
101 91.900000
102 91.900000
103 91.900000
104 91.900000
105 92.400000
106 92.400000
107 92.400000
108 92.400000
109 92.400000
110 92.400000
111 92.733333
112 92.733333
113 92.733333
114 92.733333
115 92.733333
116 92.733333
117 92.733333
118 92.733333
119 93.400000
120 93.400000
121 93.400000
122 93.566667
123 93.566667
124 93.566667
125 93.566667
126 93.566667
127 93.566667
128 93.566667
129 93.566667
130 93.566667
131 94.066667
132 94.066667
133 94.066667
134 94.066667
135 94.066667
136 94.066667
137 94.066667
138 94.066667
139 94.066667
140 94.066667
141 94.066667
142 94.066667
143 94.066667
144 94.066667
145 94.066667
146 94.066667
147 94.066667
148 94.066667
149 94.066667
150 94.066667
151 94.066667
152 98.666667
153 99.333333
154 100.200000
155 100.833333
156 102.000000
157 102.000000
158 102.000000
159 102.000000
160 102.000000
161 102.000000
162 102.000000
163 102.000000
164 102.000000
165 102.000000
166 102.000000
167 102.000000
168 102.000000
169 102.000000
170 102.000000
171 102.000000
172 102.000000
173 102.000000
174 102.500000
175 102.500000
176 102.500000
177 102.500000
178 102.500000
179 102.500000
180 102.500000
181 102.500000
182 102.500000
183 102.500000
184 102.500000
185 102.500000
186 102.500000
187 102.500000
188 102.500000
189 102.500000
190 102.500000
191 102.500000
192 102.500000
193 102.500000
194 102.500000
195 102.500000
196 102.500000
197 102.500000
198 102.500000
199 102.500000
