0 -179.000000
1 -147.800000
2 -145.200000
3 -119.883333
4 -97.516667
5 -64.100000
6 -60.016667
7 -42.033333
8 -34.300000
9 -22.483333
10 -12.083333
11 -2.133333
12 1.166667
13 14.883333
14 15.483333
15 18.533333
16 18.633333
17 18.633333
18 18.733333
19 32.933333
20 33.516667
21 37.733333
22 42.183333
23 48.683333
24 53.183333
25 53.900000
26 57.583333
27 58.350000
28 58.850000
29 61.583333
30 61.583333
31 62.083333
32 65.583333
33 65.583333
34 65.733333
35 70.733333
36 71.333333
37 71.833333
38 77.883333
39 78.100000
40 78.600000
41 78.600000
42 78.600000
43 79.683333
44 84.116667
45 84.116667
46 84.333333
47 84.333333
48 84.333333
49 84.766667
50 90.716667
51 90.716667
52 90.716667
53 90.716667
54 90.716667
55 90.716667
56 90.716667
57 90.716667
58 91.150000
59 91.150000
60 91.150000
61 91.366667
62 91.366667
63 91.366667
64 91.366667
65 91.366667
66 91.366667
67 93.366667
68 93.366667
69 93.366667
70 93.366667
71 93.366667
72 93.366667
73 93.366667
74 98.033333
75 98.033333
76 99.033333
77 104.366667
78 105.366667
79 109.866667
80 109.866667
81 109.866667
82 109.866667
83 109.866667
84 114.866667
85 115.366667
86 115.366667
87 115.366667
88 115.366667
89 115.366667
90 116.766667
91 116.766667
92 116.766667
93 116.766667
94 116.766667
95 116.766667
96 116.766667
97 116.766667
98 116.766667
99 116.766667
100 116.766667
101 116.766667
102 116.766667
103 116.766667
104 116.983333
105 116.983333
106 116.983333
107 116.983333
108 116.983333
109 116.983333
110 116.983333
111 116.983333
112 116.983333
113 116.983333
114 116.983333
115 116.983333
116 117.450000
117 117.450000
118 117.450000
119 117.450000
120 117.450000
121 117.450000
122 117.450000
123 117.450000
124 117.450000
125 117.450000
126 117.450000
127 117.450000
128 117.450000
129 117.450000
130 117.450000
131 117.450000
132 117.450000
133 117.450000
134 117.450000
135 117.450000
136 117.450000
137 117.450000
138 117.450000
139 117.450000
140 117.450000
141 117.450000
142 117.450000
143 117.450000
144 117.450000
145 117.450000
146 117.450000
147 117.450000
148 117.450000
149 117.750000
150 117.750000
151 117.750000
152 117.750000
153 117.750000
154 117.750000
155 117.750000
156 117.750000
157 117.750000
158 117.750000
159 117.750000
160 117.750000
161 117.750000
162 117.750000
163 117.750000
164 119.800000
165 120.100000
166 120.400000
167 120.550000
168 120.700000
169 120.700000
170 120.700000
171 120.700000
172 120.700000
173 120.700000
174 120.700000
175 120.700000
176 120.700000
177 120.700000
178 120.700000
179 120.700000
180 120.700000
181 120.700000
182 120.700000
183 120.700000
184 120.700000
185 120.700000
186 120.700000
187 122.866667
188 123.200000
189 123.200000
190 123.200000
191 123.200000
192 123.200000
193 123.200000
194 123.200000
195 123.200000
196 123.200000
197 123.200000
198 123.200000
199 123.200000
