0 -131.116667
1 -94.533333
2 -61.466667
3 -57.400000
4 -55.800000
5 -37.116667
6 -35.966667
7 -25.166667
8 -24.866667
9 -14.266667
10 -11.433333
11 -9.183333
12 4.350000
13 8.700000
14 8.833333
15 9.833333
16 13.950000
17 18.600000
18 24.000000
19 24.000000
20 32.250000
21 32.583333
22 37.183333
23 38.283333
24 38.283333
25 38.400000
26 38.533333
27 38.733333
28 38.833333
29 39.850000
30 64.266667
31 64.766667
32 65.066667
33 65.066667
34 65.166667
35 65.600000
36 65.600000
37 67.016667
38 70.483333
39 74.850000
40 76.366667
41 76.366667
42 77.200000
43 77.700000
44 77.700000
45 77.700000
46 77.700000
47 77.700000
48 77.700000
49 78.150000
50 78.150000
51 78.150000
52 82.200000
53 82.500000
54 82.833333
55 82.833333
56 82.833333
57 82.833333
58 82.833333
59 83.116667
60 83.116667
61 83.283333
62 83.283333
63 83.283333
64 87.716667
65 87.716667
66 87.716667
67 87.716667
68 87.716667
69 87.716667
70 92.716667
71 92.716667
72 92.716667
73 92.716667
74 92.716667
75 92.716667
76 92.716667
77 92.716667
78 92.716667
79 92.716667
80 92.716667
81 92.716667
82 92.716667
83 92.716667
84 92.716667
85 92.716667
86 92.716667
87 92.716667
88 92.716667
89 92.833333
90 92.833333
91 92.833333
92 92.833333
93 92.833333
94 92.833333
95 92.833333
96 92.833333
97 92.833333
98 92.833333
99 92.833333
100 92.833333
101 92.833333
102 92.833333
103 92.900000
104 93.250000
105 93.250000
106 93.250000
107 93.250000
108 93.250000
109 93.750000
110 93.983333
111 94.100000
112 94.100000
113 94.100000
114 94.100000
115 94.450000
116 94.450000
117 94.450000
118 94.450000
119 94.616667
120 94.616667
121 95.950000
122 95.950000
123 95.950000
124 95.950000
125 99.450000
126 99.450000
127 99.450000
128 99.450000
129 99.450000
130 99.566667
131 99.566667
132 99.566667
133 99.566667
134 99.566667
135 99.566667
136 99.866667
137 99.866667
138 99.983333
139 100.133333
140 100.133333
141 100.133333
142 100.133333
143 100.133333
144 100.133333
145 100.133333
146 100.133333
147 100.283333
148 100.283333
149 101.183333
150 101.183333
151 101.183333
152 101.183333
153 104.183333
154 104.183333
155 104.300000
156 104.300000
157 104.300000
158 104.300000
159 104.300000
160 104.300000
161 104.300000
162 104.300000
163 104.300000
164 104.416667
165 104.416667
166 104.416667
167 104.416667
168 104.416667
169 104.416667
170 104.416667
171 104.416667
172 104.416667
173 104.416667
174 104.416667
175 106.133333
176 106.583333
177 106.583333
178 106.666667
179 107.816667
180 107.816667
181 107.850000
182 107.850000
183 107.850000
184 107.850000
185 107.850000
186 107.850000
187 108.050000
188 108.050000
189 108.050000
190 108.050000
191 108.050000
192 108.050000
193 108.050000
194 113.750000
195 114.500000
196 114.800000
197 114.800000
198 114.800000
199 115.100000
