0 -159.733333
1 -94.266667
2 -53.333333
3 -39.766667
4 -16.116667
5 -10.300000
6 5.933333
7 10.233333
8 21.216667
9 30.250000
10 38.283333
11 43.666667
12 46.050000
13 46.383333
14 47.000000
15 53.233333
16 58.050000
17 58.050000
18 61.383333
19 61.383333
20 61.500000
21 68.550000
22 68.666667
23 69.666667
24 75.150000
25 77.816667
26 80.300000
27 80.300000
28 80.300000
29 80.633333
30 81.166667
31 81.166667
32 81.350000
33 81.533333
34 81.533333
35 81.533333
36 81.533333
37 81.716667
38 81.716667
39 81.716667
40 81.716667
41 81.716667
42 81.716667
43 82.083333
44 84.300000
45 84.300000
46 84.466667
47 84.466667
48 84.466667
49 84.683333
50 85.016667
51 85.016667
52 85.183333
53 85.183333
54 85.183333
55 85.183333
56 85.183333
57 85.183333
58 85.183333
59 85.183333
60 85.183333
61 85.183333
62 85.350000
63 88.350000
64 88.350000
65 88.350000
66 88.350000
67 88.350000
68 88.350000
69 88.350000
70 88.850000
71 88.850000
72 88.850000
73 92.283333
74 92.283333
75 92.283333
76 93.350000
77 93.350000
78 93.350000
79 93.350000
80 93.350000
81 93.350000
82 93.350000
83 93.350000
84 93.483333
85 93.483333
86 95.483333
87 95.483333
88 95.483333
89 95.483333
90 95.483333
91 95.483333
92 95.600000
93 95.600000
94 95.600000
95 95.600000
96 95.600000
97 95.600000
98 95.600000
99 95.600000
100 95.600000
101 95.600000
102 95.600000
103 95.600000
104 95.600000
105 95.600000
106 95.600000
107 95.600000
108 95.600000
109 95.600000
110 95.600000
111 95.600000
112 95.600000
113 95.600000
114 95.600000
115 95.600000
116 95.600000
117 95.600000
118 95.600000
119 95.600000
120 95.600000
121 95.600000
122 95.600000
123 95.600000
124 95.600000
125 95.600000
126 95.600000
127 95.600000
128 98.433333
129 99.100000
130 99.100000
131 99.100000
132 101.500000
133 101.933333
134 101.933333
135 101.933333
136 101.933333
137 101.933333
138 101.933333
139 101.933333
140 101.933333
141 101.933333
142 103.100000
143 103.266667
144 103.266667
145 103.266667
146 103.266667
147 103.933333
148 103.933333
149 104.100000
150 106.100000
151 107.600000
152 107.600000
153 107.766667
154 108.166667
155 108.266667
156 108.716667
157 108.716667
158 108.716667
159 108.716667
160 108.716667
161 108.716667
162 108.716667
163 108.716667
164 108.716667
165 109.216667
166 109.216667
167 109.216667
168 109.366667
169 109.366667
170 109.366667
171 109.366667
172 109.366667
173 109.366667
174 109.366667
175 109.366667
176 109.633333
177 109.633333
178 109.633333
179 110.300000
180 110.300000
181 110.300000
182 110.566667
183 110.566667
184 110.566667
185 110.566667
186 110.700000
187 110.700000
188 110.700000
189 110.700000
190 110.700000
191 110.700000
192 110.700000
193 110.700000
194 111.100000
195 111.100000
196 111.100000
197 111.100000
198 111.100000
199 111.100000
