0 -190.650000
1 -130.650000
2 -123.133333
3 -97.800000
4 -85.350000
5 -70.750000
6 -62.250000
7 -23.800000
8 -5.716667
9 -2.783333
10 2.916667
11 18.050000
12 19.383333
13 22.883333
14 24.150000
15 34.000000
16 36.316667
17 37.116667
18 37.216667
19 37.216667
20 37.900000
21 42.933333
22 44.600000
23 46.133333
24 48.900000
25 49.600000
26 49.600000
27 49.866667
28 51.666667
29 51.666667
30 51.933333
31 55.533333
32 59.683333
33 59.683333
34 64.933333
35 64.933333
36 64.933333
37 65.933333
38 70.200000
39 70.200000
40 70.200000
41 70.866667
42 71.266667
43 76.700000
44 76.700000
45 76.700000
46 76.816667
47 86.483333
48 87.033333
49 87.366667
50 87.700000
51 87.700000
52 87.700000
53 87.700000
54 87.700000
55 87.700000
56 87.700000
57 87.700000
58 87.700000
59 87.700000
60 87.700000
61 87.700000
62 87.700000
63 87.700000
64 87.700000
65 87.700000
66 90.700000
67 90.800000
68 91.150000
69 91.150000
70 95.800000
71 95.800000
72 95.800000
73 95.800000
74 95.800000
75 99.466667
76 99.466667
77 100.466667
78 100.466667
79 106.466667
80 107.566667
81 107.566667
82 107.900000
83 108.066667
84 108.400000
85 108.400000
86 108.900000
87 108.900000
88 109.533333
89 109.533333
90 111.200000
91 111.533333
92 111.533333
93 111.866667
94 111.866667
95 111.866667
96 112.700000
97 114.883333
98 114.916667
99 114.916667
100 114.916667
101 114.916667
102 115.033333
103 115.216667
104 115.516667
105 115.700000
106 116.000000
107 116.000000
108 116.000000
109 116.000000
110 116.000000
111 116.000000
112 116.000000
113 116.000000
114 116.150000
115 116.150000
116 116.150000
117 117.583333
118 117.850000
119 117.850000
120 117.850000
121 117.850000
122 118.116667
123 118.116667
124 118.116667
125 118.116667
126 118.116667
127 118.283333
128 118.950000
129 118.950000
130 119.283333
131 120.783333
132 120.783333
133 120.783333
134 120.783333
135 120.783333
136 120.783333
137 121.116667
138 121.116667
139 121.116667
140 121.116667
141 121.266667
142 121.266667
143 121.266667
144 121.266667
145 121.266667
146 121.266667
147 121.266667
148 121.266667
149 121.266667
150 121.266667
151 121.266667
152 121.266667
153 121.333333
154 121.466667
155 121.866667
156 121.866667
157 121.866667
158 121.866667
159 121.866667
160 121.866667
161 121.866667
162 121.866667
163 121.866667
164 122.266667
165 122.266667
166 122.266667
167 122.266667
168 122.266667
169 122.266667
170 122.266667
171 122.266667
172 122.266667
173 122.266667
174 122.266667
175 122.266667
176 122.266667
177 122.266667
178 122.266667
179 122.266667
180 122.266667
181 122.266667
182 122.266667
183 122.266667
184 122.266667
185 122.266667
186 122.266667
187 122.266667
188 125.066667
189 125.066667
190 125.533333
191 125.533333
192 125.533333
193 125.533333
194 125.533333
195 125.533333
196 125.533333
197 125.533333
198 125.533333
199 125.650000
