0 -144.566667
1 -135.833333
2 -134.683333
3 -126.583333
4 -122.550000
5 -117.716667
6 -117.250000
7 -107.850000
8 -106.850000
9 -106.033333
10 -106.033333
11 -104.800000
12 -99.800000
13 -95.666667
14 -95.166667
15 -94.000000
16 -89.350000
17 -89.350000
18 -89.350000
19 -89.350000
20 -83.200000
21 -83.200000
22 -83.200000
23 -79.700000
24 -78.866667
25 -78.866667
26 -78.366667
27 -78.366667
28 -78.366667
29 -78.200000
30 -78.200000
31 -78.200000
32 -78.200000
33 -78.200000
34 -78.200000
35 -78.200000
36 -78.200000
37 -78.200000
38 -78.200000
39 -78.200000
40 -78.200000
41 -78.200000
42 -78.200000
43 -78.200000
44 -78.200000
45 -78.200000
46 -78.200000
47 -78.200000
48 -73.483333
49 -73.300000
50 -73.300000
51 -73.300000
52 -73.300000
53 -73.300000
54 -73.300000
55 -73.300000
56 -73.300000
57 -73.300000
58 -73.300000
59 -73.300000
60 -73.300000
61 -73.300000
62 -73.300000
63 -73.300000
64 -73.300000
65 -73.300000
66 -73.300000
67 -73.300000
68 -73.300000
69 -73.300000
70 -73.300000
71 -73.300000
72 -73.300000
73 -73.300000
74 -73.300000
75 -73.300000
76 -73.300000
77 -73.300000
78 -73.300000
79 -73.300000
80 -73.300000
81 -73.300000
82 -73.300000
83 -73.300000
84 -73.300000
85 -73.300000
86 -72.733333
87 -72.733333
88 -72.733333
89 -72.733333
90 -72.733333
91 -72.733333
92 -72.733333
93 -72.733333
94 -72.733333
95 -72.733333
96 -72.733333
97 -72.733333
98 -72.733333
99 -72.733333
100 -72.733333
101 -72.733333
102 -72.733333
103 -72.733333
104 -72.733333
105 -72.733333
106 -72.733333
107 -72.733333
108 -72.733333
109 -72.733333
110 -72.733333
111 -72.733333
112 -72.733333
113 -72.733333
114 -72.733333
115 -72.733333
116 -72.733333
117 -72.733333
118 -72.733333
119 -72.733333
120 -72.733333
121 -72.733333
122 -72.733333
123 -72.733333
124 -72.733333
125 -72.733333
126 -72.733333
127 -72.733333
128 -72.733333
129 -72.733333
130 -72.733333
131 -72.733333
132 -72.733333
133 -72.733333
134 -72.733333
135 -72.733333
136 -72.733333
137 -72.733333
138 -72.733333
139 -72.733333
140 -72.733333
141 -72.733333
142 -72.733333
143 -72.733333
144 -72.733333
145 -72.733333
146 -72.733333
147 -72.733333
148 -72.733333
149 -72.733333
150 -72.733333
151 -72.733333
152 -72.733333
153 -72.733333
154 -72.733333
155 -72.733333
156 -72.733333
157 -72.733333
158 -72.733333
159 -72.733333
160 -72.733333
161 -72.733333
162 -72.733333
163 -72.733333
164 -72.733333
165 -72.733333
166 -72.733333
167 -72.733333
168 -72.733333
169 -72.733333
170 -72.733333
171 -72.733333
172 -72.733333
173 -72.733333
174 -72.733333
175 -72.733333
176 -72.733333
177 -72.516667
178 -72.516667
179 -72.516667
180 -72.516667
181 -72.516667
182 -72.516667
183 -72.516667
184 -72.516667
185 -72.516667
186 -72.516667
187 -72.516667
188 -72.516667
189 -72.516667
190 -72.516667
191 -72.516667
192 -72.516667
193 -72.516667
194 -72.516667
195 -72.516667
196 -72.516667
197 -72.516667
198 -72.516667
199 -72.516667
