0 -136.000000
1 -76.733333
2 -75.183333
3 -37.733333
4 -23.950000
5 -20.483333
6 11.783333
7 19.183333
8 32.150000
9 37.050000
10 55.183333
11 56.116667
12 59.566667
13 61.233333
14 61.716667
15 62.166667
16 63.833333
17 65.650000
18 69.283333
19 74.266667
20 78.366667
21 79.416667
22 81.250000
23 81.250000
24 81.250000
25 81.750000
26 82.633333
27 87.133333
28 87.350000
29 95.850000
30 96.000000
31 96.000000
32 96.300000
33 96.300000
34 96.300000
35 96.300000
36 96.300000
37 96.300000
38 96.300000
39 96.300000
40 96.300000
41 96.300000
42 96.300000
43 96.300000
44 96.466667
45 96.466667
46 96.466667
47 96.466667
48 96.466667
49 96.466667
50 96.633333
51 97.133333
52 97.133333
53 97.133333
54 97.133333
55 98.466667
56 98.466667
57 98.466667
58 98.466667
59 98.466667
60 98.633333
61 98.966667
62 98.966667
63 98.966667
64 98.966667
65 98.966667
66 98.966667
67 98.966667
68 98.966667
69 98.966667
70 98.966667
71 98.966667
72 98.966667
73 98.966667
74 98.966667
75 98.966667
76 99.116667
77 99.116667
78 99.116667
79 99.116667
80 99.266667
81 99.266667
82 99.266667
83 99.266667
84 99.433333
85 99.433333
86 99.433333
87 99.433333
88 99.433333
89 99.433333
90 99.433333
91 99.433333
92 99.433333
93 99.433333
94 99.433333
95 99.433333
96 99.583333
97 99.583333
98 99.583333
99 99.583333
100 99.583333
101 99.583333
102 99.583333
103 99.583333
104 99.583333
105 99.583333
106 99.583333
107 99.583333
108 99.583333
109 99.583333
110 99.583333
111 99.583333
112 99.583333
113 99.583333
114 99.583333
115 99.583333
116 99.583333
117 99.583333
118 99.583333
119 99.583333
120 99.583333
121 99.583333
122 99.583333
123 99.583333
124 99.583333
125 99.583333
126 99.583333
127 99.583333
128 99.583333
129 99.583333
130 99.583333
131 99.583333
132 99.583333
133 99.583333
134 99.583333
135 99.583333
136 99.583333
137 99.583333
138 99.583333
139 100.316667
140 100.316667
141 100.316667
142 100.316667
143 100.316667
144 100.316667
145 100.316667
146 100.316667
147 100.316667
148 100.316667
149 100.316667
150 100.316667
151 100.316667
152 100.316667
153 100.316667
154 100.316667
155 100.316667
156 100.316667
157 100.316667
158 100.316667
159 100.316667
160 100.316667
161 100.316667
162 100.316667
163 100.316667
164 100.316667
165 100.316667
166 100.316667
167 100.316667
168 100.316667
169 100.316667
170 100.316667
171 100.316667
172 100.316667
173 100.316667
174 100.316667
175 100.316667
176 100.316667
177 100.316667
178 100.316667
179 100.316667
180 100.316667
181 100.316667
182 100.316667
183 100.316667
184 100.316667
185 100.316667
186 100.466667
187 100.466667
188 100.466667
189 100.466667
190 100.466667
191 100.466667
192 100.466667
193 100.466667
194 100.466667
195 100.466667
196 100.466667
197 100.466667
198 100.466667
199 100.616667
