0 -113.166667
1 -75.183333
2 -63.900000
3 -51.733333
4 -39.166667
5 -31.100000
6 -25.300000
7 -18.566667
8 -18.066667
9 -18.066667
10 -17.566667
11 2.433333
12 13.433333
13 31.850000
14 32.000000
15 34.650000
16 36.516667
17 36.966667
18 41.650000
19 46.650000
20 46.650000
21 50.550000
22 51.150000
23 51.450000
24 52.616667
25 52.950000
26 53.033333
27 53.416667
28 53.533333
29 55.033333
30 60.033333
31 60.483333
32 60.483333
33 60.483333
34 60.483333
35 61.683333
36 61.683333
37 63.683333
38 66.083333
39 66.083333
40 66.200000
41 66.200000
42 66.200000
43 71.366667
44 72.700000
45 80.200000
46 86.700000
47 86.850000
48 92.400000
49 92.400000
50 92.400000
51 95.200000
52 95.650000
53 98.500000
54 98.500000
55 98.500000
56 100.166667
57 100.500000
58 105.000000
59 105.000000
60 105.433333
61 105.433333
62 105.433333
63 105.433333
64 105.433333
65 105.433333
66 105.433333
67 105.433333
68 105.433333
69 105.433333
70 105.450000
71 105.450000
72 105.450000
73 105.450000
74 105.450000
75 105.450000
76 105.450000
77 105.450000
78 105.450000
79 105.450000
80 105.450000
81 105.450000
82 105.450000
83 105.750000
84 105.750000
85 106.200000
86 106.200000
87 106.200000
88 106.200000
89 106.200000
90 106.200000
91 106.200000
92 106.200000
93 106.350000
94 109.900000
95 109.900000
96 109.900000
97 109.900000
98 110.250000
99 110.250000
100 110.250000
101 110.250000
102 110.250000
103 110.250000
104 110.250000
105 110.250000
106 110.250000
107 110.250000
108 110.250000
109 110.250000
110 110.250000
111 110.250000
112 110.250000
113 110.250000
114 110.250000
115 110.250000
116 110.750000
117 110.750000
118 110.750000
119 110.750000
120 110.750000
121 110.750000
122 112.250000
123 112.350000
124 112.350000
125 113.850000
126 113.916667
127 114.083333
128 114.083333
129 114.083333
130 114.083333
131 114.083333
132 114.083333
133 114.250000
134 114.250000
135 114.250000
136 114.250000
137 114.250000
138 114.416667
139 114.416667
140 114.416667
141 114.416667
142 114.416667
143 114.416667
144 114.416667
145 114.416667
146 114.416667
147 114.416667
148 114.533333
149 114.533333
150 114.533333
151 114.533333
152 114.533333
153 114.533333
154 114.533333
155 114.533333
156 114.533333
157 114.533333
158 114.533333
159 114.533333
160 114.533333
161 114.533333
162 114.533333
163 114.533333
164 114.533333
165 114.533333
166 114.533333
167 114.533333
168 114.533333
169 114.533333
170 114.533333
171 114.533333
172 114.533333
173 114.533333
174 114.533333
175 114.533333
176 114.533333
177 114.533333
178 114.533333
179 114.533333
180 114.533333
181 114.533333
182 114.533333
183 114.533333
184 114.533333
185 114.533333
186 114.533333
187 114.533333
188 114.533333
189 114.533333
190 114.533333
191 114.533333
192 114.533333
193 114.533333
194 114.533333
195 114.533333
196 114.533333
197 114.533333
198 114.533333
199 114.533333
