0 -128.050000
1 -118.550000
2 -69.033333
3 -43.966667
4 -21.083333
5 -7.816667
6 -5.833333
7 0.783333
8 1.200000
9 6.200000
10 10.433333
11 10.433333
12 12.200000
13 12.200000
14 13.200000
15 19.650000
16 33.650000
17 43.600000
18 49.650000
19 49.650000
20 49.650000
21 49.650000
22 49.650000
23 49.650000
24 52.616667
25 53.616667
26 53.616667
27 53.616667
28 54.433333
29 54.433333
30 55.433333
31 61.566667
32 61.566667
33 61.566667
34 61.766667
35 65.166667
36 65.166667
37 65.766667
38 66.066667
39 67.033333
40 67.716667
41 68.533333
42 68.866667
43 68.866667
44 68.866667
45 69.166667
46 69.166667
47 69.266667
48 69.266667
49 69.566667
50 69.566667
51 69.566667
52 70.066667
53 70.066667
54 74.316667
55 74.316667
56 74.316667
57 74.316667
58 74.316667
59 74.316667
60 74.316667
61 74.316667
62 74.316667
63 74.316667
64 74.316667
65 74.316667
66 76.816667
67 76.816667
68 76.816667
69 77.933333
70 81.766667
71 81.766667
72 81.933333
73 82.916667
74 82.916667
75 82.916667
76 82.916667
77 82.916667
78 83.083333
79 83.083333
80 85.583333
81 85.583333
82 85.583333
83 85.583333
84 85.583333
85 85.583333
86 85.583333
87 85.733333
88 86.483333
89 86.483333
90 86.483333
91 86.483333
92 86.483333
93 86.483333
94 86.483333
95 86.816667
96 86.816667
97 86.816667
98 87.516667
99 87.666667
100 90.666667
101 90.666667
102 90.666667
103 90.666667
104 91.316667
105 91.316667
106 91.316667
107 91.783333
108 91.783333
109 92.850000
110 93.066667
111 93.400000
112 93.516667
113 93.916667
114 94.466667
115 95.200000
116 95.933333
117 95.933333
118 95.933333
119 95.933333
120 95.933333
121 99.116667
122 99.700000
123 100.183333
124 100.183333
125 100.550000
126 100.550000
127 101.000000
128 101.000000
129 101.000000
130 101.600000
131 101.600000
132 102.350000
133 102.650000
134 102.650000
135 103.983333
136 104.133333
137 104.133333
138 104.800000
139 104.800000
140 104.950000
141 104.950000
142 105.450000
143 105.450000
144 105.450000
145 105.450000
146 105.450000
147 105.900000
148 105.900000
149 105.900000
150 105.900000
151 105.900000
152 105.900000
153 105.900000
154 105.900000
155 105.900000
156 105.900000
157 105.900000
158 105.900000
159 105.900000
160 105.900000
161 105.900000
162 105.900000
163 105.900000
164 105.900000
165 106.266667
166 106.266667
167 106.266667
168 106.266667
169 106.266667
170 106.266667
171 106.266667
172 106.266667
173 106.266667
174 106.266667
175 106.266667
176 106.266667
177 106.266667
178 106.266667
179 106.266667
180 106.266667
181 106.266667
182 106.266667
183 106.266667
184 106.266667
185 106.266667
186 106.266667
187 106.266667
188 106.266667
189 106.266667
190 106.766667
191 106.766667
192 106.766667
193 106.766667
194 106.766667
195 106.766667
196 107.266667
197 107.266667
198 107.266667
199 107.266667
