0 -110.266667
1 -109.733333
2 -108.666667
3 -101.616667
4 -100.866667
5 -97.266667
6 -94.116667
7 -93.366667
8 -89.816667
9 -88.350000
10 -88.350000
11 -88.350000
12 -88.233333
13 -77.016667
14 -76.350000
15 -58.583333
16 -58.433333
17 -58.000000
18 -57.650000
19 -51.733333
20 -33.200000
21 -31.450000
22 -31.450000
23 -29.716667
24 -29.716667
25 -29.283333
26 -25.466667
27 -20.966667
28 -20.633333
29 -20.633333
30 -20.466667
31 -20.466667
32 -19.133333
33 -19.133333
34 -14.633333
35 -14.633333
36 -12.066667
37 -12.066667
38 -12.066667
39 -12.066667
40 -12.066667
41 -4.066667
42 -4.066667
43 -4.066667
44 -4.066667
45 -4.066667
46 0.933333
47 1.266667
48 1.266667
49 1.266667
50 1.266667
51 1.266667
52 9.333333
53 9.966667
54 10.633333
55 11.266667
56 16.933333
57 16.933333
58 24.050000
59 24.050000
60 27.316667
61 27.316667
62 33.300000
63 34.000000
64 36.066667
65 36.066667
66 37.066667
67 37.066667
68 41.066667
69 41.066667
70 43.933333
71 44.466667
72 50.333333
73 51.200000
74 51.200000
75 51.500000
76 52.100000
77 52.100000
78 52.100000
79 52.100000
80 52.100000
81 52.100000
82 52.233333
83 52.233333
84 52.233333
85 52.233333
86 52.233333
87 52.233333
88 52.233333
89 52.233333
90 52.233333
91 52.233333
92 52.233333
93 52.233333
94 52.233333
95 52.233333
96 52.383333
97 52.383333
98 52.383333
99 52.383333
100 52.383333
101 52.383333
102 52.383333
103 52.383333
104 52.383333
105 52.383333
106 52.383333
107 52.383333
108 52.383333
109 52.383333
110 52.383333
111 52.383333
112 52.383333
113 52.383333
114 52.383333
115 52.383333
116 52.383333
117 52.383333
118 52.383333
119 52.383333
120 52.383333
121 52.383333
122 52.383333
123 52.383333
124 52.383333
125 52.383333
126 52.383333
127 52.383333
128 52.383333
129 52.383333
130 52.383333
131 52.383333
132 52.383333
133 52.383333
134 52.516667
135 52.650000
136 52.783333
137 52.916667
138 53.183333
139 53.583333
140 53.583333
141 53.583333
142 53.716667
143 53.716667
144 53.716667
145 53.716667
146 53.716667
147 53.716667
148 53.716667
149 53.716667
150 54.383333
151 54.716667
152 54.716667
153 54.716667
154 55.050000
155 55.050000
156 57.733333
157 57.733333
158 58.066667
159 58.066667
160 64.066667
161 64.066667
162 64.066667
163 64.066667
164 64.066667
165 64.066667
166 64.066667
167 64.066667
168 64.066667
169 64.066667
170 64.066667
171 64.066667
172 64.066667
173 64.066667
174 64.066667
175 64.066667
176 64.066667
177 64.066667
178 64.066667
179 64.066667
180 64.066667
181 64.066667
182 64.066667
183 64.066667
184 64.066667
185 64.066667
186 69.066667
187 69.066667
188 69.066667
189 69.066667
190 71.066667
191 71.066667
192 73.316667
193 73.316667
194 74.216667
195 74.666667
196 74.666667
197 74.666667
198 74.666667
199 74.666667
