0 -112.333333
1 -108.000000
2 -107.666667
3 -102.933333
4 -102.783333
5 -78.633333
6 -78.100000
7 -77.766667
8 -75.566667
9 -65.800000
10 -46.200000
11 -41.433333
12 -41.233333
13 -40.950000
14 -40.283333
15 -38.350000
16 -38.350000
17 -38.016667
18 -37.016667
19 -36.900000
20 -35.116667
21 -34.683333
22 -34.683333
23 -34.683333
24 -28.866667
25 -26.666667
26 -26.650000
27 -26.300000
28 -26.150000
29 -26.150000
30 -26.000000
31 -26.000000
32 -25.783333
33 -25.783333
34 -25.783333
35 -25.783333
36 -25.783333
37 -25.783333
38 -25.783333
39 -25.783333
40 -25.783333
41 -25.783333
42 -20.450000
43 -18.766667
44 -18.766667
45 -18.666667
46 -18.666667
47 -18.650000
48 -18.650000
49 -18.316667
50 -18.200000
51 -18.200000
52 -18.066667
53 -18.066667
54 -18.066667
55 -18.066667
56 -18.066667
57 -18.066667
58 -5.933333
59 -5.933333
60 -5.933333
61 -5.933333
62 -5.933333
63 -5.933333
64 -5.933333
65 3.133333
66 3.133333
67 3.283333
68 3.316667
69 10.166667
70 13.800000
71 13.916667
72 14.566667
73 14.566667
74 14.683333
75 23.050000
76 23.050000
77 23.416667
78 25.100000
79 25.716667
80 26.300000
81 26.566667
82 26.566667
83 26.833333
84 26.833333
85 26.833333
86 26.833333
87 26.833333
88 26.833333
89 26.833333
90 26.833333
91 26.833333
92 26.833333
93 26.833333
94 26.833333
95 26.833333
96 26.966667
97 27.116667
98 28.483333
99 29.016667
100 29.166667
101 30.450000
102 30.450000
103 30.450000
104 40.850000
105 41.000000
106 41.300000
107 41.450000
108 41.600000
109 41.600000
110 41.783333
111 41.933333
112 41.933333
113 41.933333
114 41.933333
115 41.933333
116 42.200000
117 45.983333
118 45.983333
119 45.983333
120 45.983333
121 45.983333
122 45.983333
123 45.983333
124 45.983333
125 46.083333
126 46.083333
127 46.383333
128 46.383333
129 46.383333
130 46.383333
131 46.383333
132 49.883333
133 49.883333
134 49.883333
135 49.883333
136 49.883333
137 50.000000
138 50.000000
139 50.000000
140 50.000000
141 50.000000
142 57.750000
143 57.750000
144 57.750000
145 57.750000
146 57.750000
147 57.750000
148 57.750000
149 57.750000
150 57.750000
151 57.750000
152 57.750000
153 58.350000
154 59.250000
155 59.250000
156 59.250000
157 59.400000
158 59.400000
159 59.400000
160 59.400000
161 59.400000
162 59.400000
163 59.400000
164 59.850000
165 59.850000
166 59.850000
167 59.850000
168 59.850000
169 61.250000
170 61.250000
171 61.250000
172 61.250000
173 61.250000
174 61.250000
175 61.250000
176 61.250000
177 61.250000
178 61.250000
179 61.250000
180 61.250000
181 61.250000
182 61.250000
183 61.250000
184 61.250000
185 61.250000
186 61.250000
187 61.250000
188 61.250000
189 61.250000
190 61.633333
191 61.633333
192 61.633333
193 61.633333
194 61.633333
195 61.633333
196 61.633333
197 61.633333
198 61.633333
199 61.633333
