0 -107.550000
1 -92.116667
2 -80.883333
3 -31.150000
4 -18.750000
5 -17.466667
6 -14.766667
7 4.516667
8 7.000000
9 7.533333
10 16.533333
11 23.966667
12 24.633333
13 24.800000
14 24.800000
15 26.800000
16 27.466667
17 28.133333
18 29.250000
19 33.316667
20 39.300000
21 39.633333
22 43.633333
23 43.633333
24 43.633333
25 43.950000
26 43.950000
27 44.116667
28 44.950000
29 45.400000
30 45.933333
31 56.283333
32 56.966667
33 57.833333
34 58.466667
35 61.966667
36 61.966667
37 61.966667
38 62.233333
39 62.733333
40 62.733333
41 62.733333
42 63.833333
43 63.983333
44 63.983333
45 63.983333
46 63.983333
47 67.150000
48 67.983333
49 67.983333
50 67.983333
51 67.983333
52 69.550000
53 69.550000
54 70.383333
55 72.716667
56 74.050000
57 74.050000
58 74.050000
59 74.050000
60 74.283333
61 74.583333
62 78.783333
63 78.783333
64 78.783333
65 78.783333
66 81.450000
67 81.450000
68 81.450000
69 84.783333
70 85.233333
71 88.350000
72 89.250000
73 89.250000
74 89.250000
75 89.250000
76 89.250000
77 89.250000
78 89.250000
79 89.250000
80 89.250000
81 89.250000
82 89.250000
83 89.250000
84 89.250000
85 89.250000
86 89.250000
87 89.250000
88 89.250000
89 89.250000
90 89.250000
91 89.250000
92 89.250000
93 89.250000
94 89.250000
95 89.750000
96 89.750000
97 89.750000
98 89.750000
99 89.750000
100 92.250000
101 92.250000
102 92.250000
103 92.250000
104 92.250000
105 92.250000
106 92.250000
107 92.250000
108 92.250000
109 92.250000
110 92.250000
111 92.250000
112 92.250000
113 92.250000
114 92.250000
115 92.250000
116 92.250000
117 92.250000
118 92.250000
119 92.250000
120 92.250000
121 92.250000
122 92.250000
123 92.250000
124 92.250000
125 92.250000
126 94.350000
127 94.350000
128 94.350000
129 96.550000
130 96.550000
131 103.150000
132 103.150000
133 103.300000
134 108.183333
135 108.350000
136 108.516667
137 108.516667
138 108.850000
139 109.350000
140 109.350000
141 109.350000
142 109.350000
143 109.350000
144 109.350000
145 109.350000
146 113.850000
147 113.850000
148 113.850000
149 117.600000
150 117.600000
151 117.900000
152 118.050000
153 118.483333
154 118.616667
155 118.616667
156 118.750000
157 120.133333
158 120.133333
159 120.133333
160 120.283333
161 120.283333
162 120.283333
163 120.283333
164 120.283333
165 120.433333
166 120.433333
167 120.433333
168 120.433333
169 120.433333
170 120.433333
171 120.433333
172 120.433333
173 120.433333
174 120.433333
175 120.433333
176 120.433333
177 123.150000
178 123.150000
179 127.700000
180 127.700000
181 127.700000
182 127.700000
183 127.700000
184 127.700000
185 127.700000
186 128.150000
187 128.150000
188 128.150000
189 128.150000
190 128.450000
191 128.600000
192 128.600000
193 128.600000
194 128.600000
195 128.600000
196 128.600000
197 128.600000
198 128.600000
199 129.200000
