0 -128.716667
1 -123.700000
2 -115.466667
3 -113.766667
4 -105.233333
5 -100.166667
6 -94.150000
7 -94.150000
8 -82.816667
9 -81.816667
10 -81.150000
11 -80.483333
12 -77.483333
13 -75.483333
14 -75.483333
15 -70.983333
16 -55.983333
17 -47.383333
18 -47.116667
19 -42.350000
20 -42.350000
21 -34.966667
22 -29.700000
23 -29.533333
24 -29.533333
25 -29.533333
26 -29.533333
27 -29.533333
28 -26.166667
29 -26.166667
30 -26.166667
31 -11.666667
32 5.000000
33 8.833333
34 9.166667
35 9.916667
36 10.083333
37 14.083333
38 14.583333
39 15.133333
40 15.466667
41 25.916667
42 25.916667
43 25.916667
44 25.916667
45 26.833333
46 28.150000
47 28.300000
48 28.733333
49 33.583333
50 40.000000
51 40.166667
52 40.283333
53 40.283333
54 40.450000
55 50.683333
56 50.850000
57 50.850000
58 50.850000
59 50.850000
60 50.850000
61 53.966667
62 54.183333
63 55.050000
64 57.700000
65 58.133333
66 58.133333
67 58.566667
68 59.000000
69 59.000000
70 59.016667
71 59.016667
72 59.016667
73 59.016667
74 59.183333
75 59.183333
76 59.183333
77 59.183333
78 59.183333
79 59.183333
80 59.183333
81 59.350000
82 59.350000
83 59.350000
84 59.350000
85 59.350000
86 59.533333
87 59.533333
88 59.533333
89 59.533333
90 59.533333
91 59.533333
92 59.533333
93 59.533333
94 59.533333
95 59.533333
96 59.533333
97 59.533333
98 59.533333
99 59.533333
100 59.533333
101 59.533333
102 59.533333
103 59.533333
104 59.533333
105 59.533333
106 59.533333
107 59.533333
108 59.533333
109 59.533333
110 59.533333
111 59.533333
112 62.083333
113 62.783333
114 62.783333
115 62.783333
116 62.900000
117 62.900000
118 62.900000
119 62.900000
120 66.633333
121 66.633333
122 66.633333
123 66.633333
124 66.633333
125 66.633333
126 66.633333
127 66.633333
128 66.633333
129 66.633333
130 66.633333
131 66.633333
132 66.633333
133 66.633333
134 66.633333
135 66.633333
136 66.633333
137 66.633333
138 66.633333
139 66.633333
140 66.633333
141 66.633333
142 66.633333
143 66.633333
144 66.633333
145 66.633333
146 66.633333
147 66.633333
148 66.633333
149 66.633333
150 66.633333
151 66.633333
152 66.633333
153 66.633333
154 66.633333
155 66.633333
156 66.633333
157 66.633333
158 66.633333
159 66.633333
160 66.633333
161 66.633333
162 66.633333
163 66.633333
164 66.633333
165 66.633333
166 66.633333
167 66.633333
168 66.633333
169 66.633333
170 66.633333
171 66.633333
172 66.633333
173 66.633333
174 66.633333
175 66.633333
176 66.633333
177 66.633333
178 66.633333
179 66.633333
180 66.633333
181 66.633333
182 66.633333
183 66.633333
184 66.633333
185 66.633333
186 66.633333
187 66.633333
188 66.633333
189 66.633333
190 66.633333
191 66.633333
192 66.633333
193 66.633333
194 66.633333
195 66.633333
196 66.633333
197 66.633333
198 66.633333
199 66.633333
