60 -462.000000 -505.500000 -475.300000 30 0 0
120 -534.000000 -579.500000 -546.833333 30 0 0
180 -515.500000 -548.000000 -520.716667 30 0 0
240 -284.000000 -364.000000 -299.416667 24 6 0
300 -221.500000 -258.000000 -236.066667 25 5 0
360 -239.000000 -302.000000 -256.850000 15 15 0
60X -1900.000000 -1900.000000 -1900.000000 30 0 0
120X -15.000000 -115.000000 -33.000000 19 11 0
180X -1300.000000 -1300.000000 -1300.000000 30 0 0
240X 5.000000 -5.000000 -4.333333 28 2 0
300X -1445.000000 -1545.000000 -1458.333333 30 0 0
360X 120.000000 120.000000 120.000000 30 0 0
