0 -154.450000
1 -109.450000
2 -96.250000
3 -76.900000
4 -65.933333
5 -41.866667
6 -29.983333
7 -28.316667
8 -12.483333
9 5.450000
10 5.566667
11 8.983333
12 12.666667
13 13.116667
14 23.066667
15 23.633333
16 23.633333
17 32.700000
18 42.900000
19 43.016667
20 44.100000
21 44.100000
22 44.600000
23 44.600000
24 44.600000
25 45.666667
26 45.666667
27 45.666667
28 50.166667
29 50.166667
30 51.133333
31 51.133333
32 52.083333
33 52.083333
34 65.200000
35 68.033333
36 68.366667
37 72.566667
38 73.216667
39 73.216667
40 79.550000
41 79.783333
42 79.900000
43 81.516667
44 85.950000
45 89.950000
46 92.050000
47 92.350000
48 92.500000
49 92.500000
50 92.500000
51 92.500000
52 92.500000
53 92.500000
54 92.833333
55 93.616667
56 98.050000
57 98.533333
58 98.533333
59 98.583333
60 98.733333
61 99.033333
62 99.033333
63 99.033333
64 103.233333
65 103.466667
66 103.700000
67 103.816667
68 103.816667
69 103.816667
70 103.816667
71 103.933333
72 105.533333
73 105.533333
74 106.700000
75 106.700000
76 108.950000
77 109.816667
78 109.816667
79 110.050000
80 110.050000
81 110.050000
82 110.050000
83 112.266667
84 112.266667
85 112.266667
86 112.266667
87 112.500000
88 112.500000
89 112.500000
90 112.500000
91 112.500000
92 112.500000
93 112.500000
94 112.500000
95 112.500000
96 112.500000
97 112.500000
98 115.000000
99 115.000000
100 115.000000
101 115.000000
102 115.000000
103 115.000000
104 115.000000
105 115.000000
106 115.000000
107 115.000000
108 115.000000
109 115.000000
110 115.000000
111 115.000000
112 115.000000
113 115.100000
114 115.100000
115 115.100000
116 115.100000
117 116.950000
118 117.700000
119 117.700000
120 117.700000
121 118.750000
122 118.750000
123 118.750000
124 119.050000
125 119.500000
126 119.500000
127 119.500000
128 119.500000
129 119.500000
130 119.500000
131 119.500000
132 119.500000
133 119.500000
134 119.500000
135 119.500000
136 119.500000
137 119.500000
138 119.500000
139 119.500000
140 119.500000
141 119.500000
142 119.500000
143 119.500000
144 119.500000
145 119.500000
146 119.500000
147 119.500000
148 119.500000
149 119.500000
150 119.500000
151 119.500000
152 119.500000
153 119.500000
154 119.500000
155 119.500000
156 119.500000
157 119.500000
158 119.500000
159 119.500000
160 119.500000
161 119.500000
162 119.500000
163 119.500000
164 119.500000
165 119.500000
166 119.500000
167 119.500000
168 119.500000
169 119.500000
170 119.500000
171 119.500000
172 119.500000
173 119.500000
174 119.500000
175 119.500000
176 119.500000
177 119.500000
178 119.500000
179 119.500000
180 119.500000
181 119.500000
182 119.500000
183 119.500000
184 119.500000
185 119.500000
186 119.500000
187 119.500000
188 119.500000
189 119.500000
190 119.500000
191 119.500000
192 119.500000
193 119.500000
194 119.500000
195 119.500000
196 119.500000
197 119.500000
198 119.500000
199 119.500000
