0 -158.450000
1 -140.000000
2 -129.700000
3 -103.500000
4 -94.550000
5 -56.150000
6 -52.916667
7 -47.866667
8 -44.300000
9 -19.033333
10 -15.550000
11 -15.016667
12 -13.966667
13 -9.600000
14 13.133333
15 14.450000
16 14.450000
17 16.666667
18 37.166667
19 37.166667
20 37.166667
21 37.166667
22 37.166667
23 37.166667
24 39.616667
25 39.616667
26 39.816667
27 40.150000
28 40.150000
29 40.666667
30 40.666667
31 40.666667
32 41.500000
33 41.500000
34 42.583333
35 43.983333
36 51.466667
37 53.783333
38 54.416667
39 57.533333
40 57.533333
41 58.283333
42 58.283333
43 59.283333
44 59.950000
45 59.950000
46 61.000000
47 61.000000
48 61.333333
49 61.333333
50 62.166667
51 62.166667
52 62.166667
53 62.166667
54 64.333333
55 64.333333
56 65.850000
57 65.850000
58 68.100000
59 71.350000
60 71.350000
61 74.350000
62 74.350000
63 74.350000
64 74.350000
65 74.350000
66 75.850000
67 82.850000
68 82.850000
69 82.850000
70 82.850000
71 82.850000
72 82.850000
73 82.850000
74 82.850000
75 82.850000
76 82.850000
77 82.850000
78 82.850000
79 82.850000
80 82.850000
81 82.850000
82 82.850000
83 82.850000
84 82.850000
85 82.850000
86 82.850000
87 84.850000
88 84.850000
89 84.850000
90 84.850000
91 84.850000
92 84.850000
93 84.850000
94 84.850000
95 86.850000
96 86.850000
97 86.850000
98 86.850000
99 86.850000
100 86.850000
101 86.850000
102 86.850000
103 86.850000
104 86.850000
105 92.350000
106 92.350000
107 92.350000
108 92.350000
109 92.350000
110 96.850000
111 96.850000
112 96.850000
113 98.100000
114 98.100000
115 98.100000
116 98.100000
117 98.300000
118 98.300000
119 98.300000
120 98.300000
121 98.683333
122 98.683333
123 98.683333
124 98.683333
125 99.133333
126 99.133333
127 99.133333
128 99.133333
129 99.133333
130 99.433333
131 99.433333
132 99.433333
133 99.433333
134 99.433333
135 99.433333
136 99.433333
137 99.433333
138 99.433333
139 99.433333
140 99.433333
141 99.433333
142 99.433333
143 99.433333
144 99.433333
145 99.433333
146 102.433333
147 102.433333
148 102.433333
149 102.433333
150 102.433333
151 102.433333
152 102.433333
153 102.550000
154 102.550000
155 102.550000
156 102.550000
157 102.550000
158 102.550000
159 102.550000
160 102.700000
161 102.700000
162 103.166667
163 103.166667
164 103.166667
165 103.166667
166 103.166667
167 103.166667
168 103.166667
169 103.166667
170 103.166667
171 103.166667
172 103.166667
173 103.166667
174 103.166667
175 103.166667
176 103.166667
177 103.166667
178 103.166667
179 103.166667
180 103.166667
181 103.166667
182 103.166667
183 103.166667
184 103.166667
185 103.166667
186 103.166667
187 103.166667
188 103.316667
189 103.316667
190 103.316667
191 103.316667
192 103.316667
193 103.316667
194 103.316667
195 103.316667
196 103.316667
197 103.316667
198 103.316667
199 103.316667
