0 193.810000
1 204.450000
2 213.135000
3 223.875000
4 226.135000
5 230.530000
6 231.515000
7 232.285000
8 234.085000
9 235.165000
10 238.155000
11 241.125000
12 241.125000
13 241.125000
14 245.190000
15 245.285000
16 245.285000
17 245.285000
18 248.530000
19 250.570000
20 252.455000
21 253.900000
22 254.615000
23 256.350000
24 256.475000
25 259.925000
26 260.880000
27 261.470000
28 261.660000
29 262.260000
30 262.260000
31 262.260000
32 262.760000
33 265.305000
34 266.485000
35 266.710000
36 267.175000
37 268.190000
38 268.635000
39 270.115000
40 270.115000
41 270.115000
42 270.115000
43 270.340000
44 270.995000
45 270.995000
46 271.110000
47 272.085000
48 272.085000
49 272.085000
50 272.565000
51 273.015000
52 274.065000
53 275.695000
54 275.695000
55 275.695000
56 275.695000
57 275.695000
58 276.070000
59 276.325000
60 276.325000
61 276.325000
62 276.325000
63 276.325000
64 276.325000
65 276.325000
66 276.325000
67 276.550000
68 276.550000
69 276.550000
70 276.550000
71 276.550000
72 276.550000
73 276.550000
74 276.550000
75 276.550000
76 276.550000
77 276.550000
78 276.550000
79 276.550000
80 276.550000
81 276.550000
82 276.550000
83 276.600000
84 276.600000
85 276.600000
86 276.600000
87 276.600000
88 276.600000
89 277.080000
90 277.080000
91 277.080000
92 277.080000
93 277.115000
94 277.115000
95 277.115000
96 277.115000
97 277.115000
98 277.270000
99 277.270000
316.500000 -80.000000 235.045000
