0 142.700000
1 160.070000
2 172.665000
3 183.365000
4 186.345000
5 188.265000
6 189.035000
7 191.830000
8 191.830000
9 192.265000
10 193.090000
11 193.290000
12 197.400000
13 197.400000
14 199.910000
15 200.285000
16 201.720000
17 203.765000
18 203.765000
19 204.680000
20 209.090000
21 209.660000
22 210.970000
23 210.970000
24 211.395000
25 214.065000
26 216.845000
27 217.540000
28 217.605000
29 218.135000
30 218.135000
31 218.465000
32 219.000000
33 219.000000
34 219.000000
35 220.220000
36 220.220000
37 220.220000
38 220.220000
39 220.220000
40 220.220000
41 220.975000
42 220.975000
43 222.355000
44 222.355000
45 222.355000
46 222.580000
47 222.970000
48 222.970000
49 222.970000
50 223.945000
51 223.945000
52 223.945000
53 223.945000
54 223.945000
55 223.960000
56 224.560000
57 224.990000
58 224.990000
59 224.990000
60 226.090000
61 226.090000
62 226.860000
63 226.860000
64 226.860000
65 226.860000
66 226.860000
67 226.860000
68 227.050000
69 227.735000
70 227.735000
71 227.735000
72 227.870000
73 227.870000
74 227.870000
75 227.870000
76 227.870000
77 227.870000
78 227.870000
79 227.870000
80 228.570000
81 228.570000
82 228.570000
83 228.735000
84 229.610000
85 230.010000
86 230.010000
87 230.675000
88 230.675000
89 231.035000
90 231.035000
91 231.100000
92 231.250000
93 231.250000
94 231.250000
95 231.250000
96 231.250000
97 231.330000
98 231.330000
99 231.330000
272.000000 -90.000000 189.005000
