0 110.295000
1 121.640000
2 131.150000
3 132.045000
4 133.250000
5 136.315000
6 137.835000
7 137.835000
8 139.095000
9 140.630000
10 142.995000
11 148.860000
12 152.515000
13 152.640000
14 153.675000
15 160.150000
16 160.150000
17 162.305000
18 163.010000
19 163.715000
20 164.215000
21 164.215000
22 166.205000
23 168.435000
24 168.435000
25 168.435000
26 169.410000
27 170.900000
28 170.900000
29 170.900000
30 171.165000
31 171.170000
32 171.170000
33 172.045000
34 172.045000
35 172.420000
36 172.420000
37 172.420000
38 172.420000
39 172.420000
40 172.940000
41 173.025000
42 173.025000
43 173.025000
44 173.025000
45 173.025000
46 173.025000
47 173.025000
48 173.025000
49 173.025000
50 173.025000
51 173.025000
52 173.550000
53 173.955000
54 173.955000
55 175.300000
56 175.405000
57 175.885000
58 176.185000
59 176.185000
60 177.140000
61 177.140000
62 177.140000
63 177.185000
64 177.620000
65 177.620000
66 177.620000
67 177.620000
68 177.620000
69 177.720000
70 178.540000
71 179.365000
72 179.365000
73 179.365000
74 179.365000
75 179.415000
76 179.415000
77 179.415000
78 179.415000
79 179.415000
80 179.415000
81 179.415000
82 179.415000
83 179.415000
84 179.415000
85 179.415000
86 179.415000
87 179.415000
88 179.415000
89 180.020000
90 180.020000
91 180.020000
92 180.020000
93 180.020000
94 180.020000
95 180.285000
96 180.460000
97 180.460000
98 180.460000
99 180.460000
