0 29.683333
1 36.383333
2 39.000000
3 41.566667
4 44.733333
5 45.616667
6 49.916667
7 51.616667
8 52.400000
9 53.450000
10 53.700000
11 55.966667
12 56.183333
13 58.566667
14 59.650000
15 60.966667
16 63.433333
17 63.433333
18 64.650000
19 64.650000
20 65.300000
21 66.116667
22 66.400000
23 66.400000
24 67.616667
25 68.166667
26 68.350000
27 68.916667
28 69.150000
29 69.600000
30 69.650000
31 69.650000
32 69.750000
33 70.083333
34 70.200000
35 70.850000
36 70.850000
37 71.550000
38 71.550000
39 72.966667
40 72.966667
41 72.966667
42 72.966667
43 72.966667
44 73.200000
45 73.900000
46 74.233333
47 74.233333
48 74.383333
49 74.683333
50 74.683333
51 74.683333
52 74.683333
53 75.116667
54 75.116667
55 75.116667
56 75.116667
57 75.116667
58 75.116667
59 75.116667
60 75.116667
61 75.116667
62 75.116667
63 75.116667
64 75.116667
65 75.500000
66 75.533333
67 75.533333
68 75.533333
69 75.533333
70 75.816667
71 76.116667
72 76.250000
73 76.250000
74 76.250000
75 76.583333
76 76.766667
77 76.766667
78 76.766667
79 76.916667
80 76.916667
81 76.916667
82 76.916667
83 76.916667
84 76.916667
85 76.916667
86 76.916667
87 76.916667
88 76.916667
89 76.916667
90 76.916667
91 77.266667
92 77.400000
93 77.400000
94 77.733333
95 77.733333
96 77.733333
97 77.733333
98 77.733333
99 77.733333
