0 74.500000
1 85.500000
2 85.500000
3 91.166667
4 91.166667
5 91.166667
6 91.166667
7 96.500000
8 96.500000
9 96.833333
10 96.833333
11 96.833333
12 96.833333
13 96.833333
14 96.833333
15 98.833333
16 98.833333
17 98.833333
18 98.833333
19 98.833333
20 98.833333
21 98.833333
22 98.833333
23 98.833333
24 98.833333
25 103.000000
26 109.833333
27 109.833333
28 125.333333
29 125.333333
30 125.333333
31 125.333333
32 125.333333
33 125.333333
34 125.333333
35 125.333333
36 125.333333
37 125.333333
38 125.333333
39 125.333333
40 125.333333
41 127.333333
42 127.333333
43 127.333333
44 127.333333
45 127.333333
46 127.333333
47 127.333333
48 127.333333
49 127.333333
50 127.333333
51 127.333333
52 127.333333
53 127.333333
54 127.333333
55 129.500000
56 129.500000
57 129.500000
58 129.500000
59 129.500000
60 129.500000
61 129.500000
62 129.500000
63 129.500000
64 129.500000
65 129.500000
66 129.500000
67 129.500000
68 137.000000
69 137.000000
70 137.000000
71 137.000000
72 137.000000
73 137.000000
74 137.000000
75 137.000000
76 137.000000
77 137.000000
78 137.000000
79 137.000000
80 137.000000
81 137.000000
82 137.000000
83 137.000000
84 137.000000
85 137.000000
86 137.000000
87 137.000000
88 137.000000
89 137.000000
90 137.000000
91 137.000000
92 137.000000
93 137.000000
94 137.000000
95 137.000000
96 137.000000
97 137.000000
98 137.000000
99 137.000000
100 137.000000
101 137.000000
102 137.000000
103 137.000000
104 137.000000
105 137.000000
106 137.000000
107 137.000000
108 137.000000
109 137.000000
110 137.000000
111 137.000000
112 137.000000
113 137.000000
114 137.000000
115 137.000000
116 137.000000
117 137.000000
118 137.000000
119 137.000000
120 137.000000
121 137.000000
122 137.000000
123 137.000000
124 137.000000
125 137.000000
126 137.000000
127 137.000000
128 137.000000
129 137.000000
130 137.000000
131 137.000000
132 137.000000
133 137.000000
134 137.000000
135 137.000000
136 137.000000
137 137.000000
138 137.000000
139 137.000000
140 137.000000
141 137.000000
142 142.500000
143 142.500000
144 142.500000
145 142.500000
146 142.500000
147 142.500000
148 142.500000
149 142.500000
150 142.500000
151 142.500000
152 142.500000
153 142.500000
154 142.500000
155 142.500000
156 142.500000
157 142.500000
158 142.500000
159 142.500000
160 142.500000
161 142.500000
162 142.500000
163 142.500000
164 142.500000
165 142.500000
166 142.500000
167 142.500000
168 142.500000
169 142.500000
170 142.500000
171 142.500000
172 142.500000
173 142.500000
174 142.500000
175 142.500000
176 142.500000
177 142.500000
178 142.500000
179 142.500000
180 142.500000
181 142.500000
182 142.500000
183 142.500000
184 142.500000
185 142.500000
186 142.500000
187 142.500000
188 142.500000
189 142.500000
190 142.500000
191 142.500000
192 142.500000
193 142.500000
194 142.500000
195 142.500000
196 142.500000
197 142.500000
198 142.500000
199 142.500000
